Ошибки/Успех	ВремяР с	День	ПоложОтв	НомерПол	Рука
0	2.70	1	3	1	0
0	1.20	1	4	1	1
0	1.23	1	1	1	1
0	3.83	1	5	1	0
0	1.27	1	2	1	1
1	3.63	1	5	2	0
0	1.03	1	1	2	1
1	4.73	1	3	2	1
1	5.17	1	4	2	1
0	4.93	1	2	2	0
0	0.83	1	1	3	1
0	1.77	1	2	3	0
0	1.60	1	4	3	1
1	5.03	1	3	3	1
1	2.50	1	5	3	0
0	3.03	1	3	4	1
0	0.63	1	1	4	1
1	3.47	1	2	4	1
0	0.97	1	4	4	1
0	3.13	1	5	4	0
1	4.20	1	2	5	0
0	2.60	1	3	5	1
0	1.13	1	1	5	1
0	3.90	1	5	5	0
0	1.60	1	4	5	1
0	1.43	1	4	6	1
0	2.87	1	2	6	0
1	4.00	1	3	6	1
0	3.13	1	5	6	0
0	1.07	1	1	6	1
1	1.67	1	5	7	0
0	0.83	1	4	7	1
0	1.23	1	1	7	1
0	1.47	1	3	7	1
1	4.07	1	2	7	0
0	1.40	1	1	8	1
0	3.33	1	2	8	0
1	4.07	1	5	8	0
0	1.20	1	3	8	1
0	4.90	1	4	8	0
0	1.30	1	3	9	1
1	3.13	1	5	9	0
0	1.30	1	4	9	1
0	0.93	1	1	9	1
1	4.37	1	2	9	1
0	3.17	1	2	10	0
0	1.70	1	4	10	1
0	3.80	1	5	10	0
0	1.13	1	1	10	1
0	6.80	1	3	10	1
0	1.53	2	4	1	1
1	3.20	2	5	1	0
1	3.67	2	3	1	1
0	2.77	2	5	1	0
0	0.93	2	1	1	1
0	2.00	2	5	2	0
0	4.30	2	4	2	1
0	0.90	2	1	2	1
1	6.87	2	3	2	1
0	3.03	2	2	2	0
0	2.93	2	3	3	1
0	0.93	2	4	3	1
0	1.40	2	5	3	0
0	1.93	2	1	3	1
0	2.17	2	2	3	0
0	1.20	2	1	4	1
1	2.80	2	2	4	0
0	1.50	2	4	4	1
0	1.27	2	3	4	1
0	2.33	2	5	4	0
1	2.80	2	2	5	0
0	1.10	2	4	5	1
0	1.93	2	5	5	0
0	0.70	2	1	5	1
0	1.30	2	3	5	1
0	1.50	2	3	6	1
0	1.10	2	4	6	1
0	1.83	2	1	6	1
1	2.03	2	5	6	0
0	3.03	2	2	6	0
0	2.00	2	5	7	0
0	1.17	2	1	7	1
1	7.17	2	3	7	0
0	1.43	2	4	7	1
0	3.57	2	2	7	0
0	1.80	2	3	8	1
0	1.50	2	1	8	0
0	2.80	2	2	8	0
0	1.17	2	4	8	1
0	2.17	2	5	8	0
0	1.17	2	1	9	1
0	2.90	2	2	9	0
0	1.50	2	4	9	1
0	1.33	2	3	9	1
1	2.10	2	5	9	0
1	2.97	2	2	10	0
0	1.83	2	3	10	1
0	1.10	2	1	10	0
0	1.90	2	4	10	1
1	2.37	2	5	10	0
0	2.20	3	3	1	1
0	2.53	3	5	1	0
0	1.43	3	4	1	1
0	2.70	3	2	1	0
0	0.90	3	1	1	1
0	1.73	3	1	2	1
0	3.07	3	2	2	0
0	2.33	3	3	2	1
0	1.80	3	5	2	0
0	1.17	3	4	2	1
0	0.83	3	4	3	1
0	1.17	3	1	3	1
0	1.40	3	5	3	0
1	2.57	3	2	3	0
0	2.43	3	3	3	0
0	1.63	3	3	4	1
0	2.30	3	1	4	1
0	2.17	3	2	4	0
0	1.37	3	4	4	1
0	3.23	3	5	4	0
0	2.27	3	5	5	0
0	1.70	3	4	5	1
0	2.67	3	2	5	0
0	1.13	3	1	5	1
0	2.43	3	3	5	0
0	1.70	3	5	6	0
0	1.27	3	1	6	1
0	3.10	3	3	6	1
0	1.33	3	4	6	1
0	2.27	3	2	6	0
0	1.17	3	2	7	0
0	1.60	3	1	7	1
0	1.40	3	4	7	1
0	2.23	3	2	8	0
0	3.27	3	5	7	0
0	10.37	3	3	7	1
0	5.47	3	3	8	0
0	1.87	3	1	8	1
0	1.97	3	5	8	0
0	1.50	3	4	8	1
0	1.03	3	1	9	1
1	4.53	3	5	9	0
1	5.47	3	3	9	1
0	2.00	3	4	9	1
0	3.00	3	2	9	0
0	1.70	3	3	10	1
0	1.50	3	4	10	1
0	1.47	3	1	10	1
0	3.17	3	2	10	0
0	2.10	3	5	10	0
0	2.60	4	5	1	0
0	2.10	4	2	1	0
0	1.03	4	1	1	1
0	1.20	4	4	1	1
0	5.47	4	3	1	0
0	2.60	4	2	2	0
0	0.77	4	4	2	1
0	4.57	4	3	2	1
0	1.83	4	5	2	0
0	0.97	4	1	2	1
0	0.70	4	4	3	1
0	1.17	4	5	3	0
0	0.87	4	1	3	1
0	1.73	4	3	3	1
0	2.53	4	2	3	0
0	2.30	4	5	4	0
0	1.73	4	3	4	1
0	1.00	4	4	4	1
0	25.63	4	1	4	1
0	2.43	4	2	4	0
0	2.90	4	2	5	0
0	1.10	4	4	5	1
0	1.70	4	3	5	1
0	0.80	4	1	5	1
1	2.20	4	5	5	0
0	1.80	4	3	6	1
0	1.00	4	1	6	1
0	2.73	4	2	6	0
0	0.90	4	4	6	1
0	1.37	4	5	6	0
0	1.90	4	5	7	0
0	0.93	4	4	7	1
1	2.23	4	2	7	0
0	0.73	4	1	7	1
0	6.23	4	3	7	1
0	1.37	4	3	8	1
0	2.57	4	2	8	0
0	1.50	4	5	8	0
0	0.97	4	1	8	1
0	0.73	4	4	8	1
0	1.13	4	4	9	1
0	1.70	4	5	9	0
0	1.33	4	3	9	1
0	2.70	4	2	9	0
0	0.83	4	1	9	1
0	1.23	4	1	10	1
0	2.70	4	2	10	0
0	0.87	4	4	10	1
1	4.77	4	5	10	0
0	1.13	4	3	10	1
1	32.03	5	1	1	0
0	2.93	5	2	1	0
0	1.47	5	4	1	1
0	5.20	5	5	1	0
0	2.17	5	3	1	1
0	4.77	5	3	2	1
0	1.20	5	1	2	0
0	2.33	5	5	2	0
1	2.93	5	2	2	0
0	1.83	5	4	2	1
0	2.83	5	2	3	0
0	1.90	5	5	3	0
1	7.87	5	3	3	1
0	1.07	5	1	3	1
0	1.30	5	4	3	1
0	2.40	5	2	4	0
0	1.73	5	3	4	1
0	1.17	5	4	4	1
0	2.47	5	5	4	0
0	1.57	5	1	4	1
0	1.63	5	1	5	1
0	2.80	5	5	5	0
0	1.77	5	3	5	1
0	0.97	5	4	5	1
1	3.53	5	2	5	0
0	1.50	5	5	6	0
0	1.00	5	1	6	1
0	1.20	5	4	6	1
0	5.70	5	3	6	1
0	3.13	5	2	6	0
0	2.07	5	2	7	0
0	2.40	5	3	7	1
0	0.67	5	4	7	1
0	1.23	5	1	7	1
0	2.00	5	5	7	0
0	1.13	5	4	8	1
1	2.60	5	2	8	0
0	2.03	5	5	8	0
0	1.23	5	1	8	1
0	4.10	5	3	8	1
0	0.93	5	1	9	1
0	1.87	5	5	9	0
0	1.67	5	3	9	1
1	2.57	5	2	9	0
0	1.37	5	4	9	1
0	1.60	5	3	10	1
0	3.33	5	2	10	0
1	1.90	5	5	10	0
0	1.00	5	1	10	1
0	1.60	5	4	10	1
0	1.87	6	4	1	1
1	2.63	6	2	1	0
0	5.60	6	3	1	1
0	2.23	6	5	1	0
1	9.57	6	1	1	1
0	1.43	6	5	2	0
0	0.77	6	4	2	1
0	1.40	6	1	2	1
1	8.37	6	3	2	1
0	2.57	6	2	2	0
1	4.30	6	3	3	1
0	0.97	6	4	3	1
0	2.07	6	5	3	0
0	1.00	6	1	3	1
0	2.07	6	2	3	0
0	0.83	6	1	4	1
0	2.47	6	2	4	0
0	1.23	6	4	4	1
0	1.90	6	3	4	1
0	1.67	6	5	4	0
1	2.47	6	2	5	0
0	1.33	6	4	5	1
0	1.77	6	5	5	0
0	0.80	6	1	5	1
0	1.43	6	3	5	1
1	4.63	6	3	6	1
0	1.17	6	4	6	0
0	0.97	6	1	6	1
0	1.70	6	5	6	0
0	2.27	6	2	6	0
0	1.40	6	5	7	0
0	1.03	6	1	7	1
0	1.33	6	3	7	1
0	1.03	6	4	7	1
0	2.47	6	2	7	0
0	4.23	6	3	8	1
0	0.93	6	1	8	1
1	3.27	6	2	8	0
0	0.93	6	4	8	1
0	1.80	6	5	8	0
0	0.83	6	1	9	1
0	1.93	6	2	9	0
0	1.00	6	4	9	1
0	1.67	6	3	9	1
0	2.43	6	5	9	0
0	2.37	6	2	10	0
0	2.43	6	3	10	1
0	1.20	6	1	10	1
0	1.00	6	4	10	1
0	1.53	6	5	10	0
0	1.10	7	1	1	1
0	2.13	7	2	1	0
0	2.03	7	4	1	1
0	2.10	7	5	1	0
1	3.13	7	3	1	1
1	3.70	7	3	2	1
0	0.93	7	1	2	1
0	3.27	7	5	2	0
0	1.93	7	2	2	0
0	1.30	7	4	2	1
0	2.87	7	2	3	0
0	1.80	7	5	3	0
0	3.53	7	3	3	0
0	1.10	7	1	3	1
0	1.07	7	4	3	1
1	2.33	7	2	4	0
0	6.27	7	3	4	1
1	3.17	7	4	4	1
0	2.10	7	5	4	0
0	1.20	7	1	4	1
0	1.43	7	1	5	1
0	1.80	7	5	5	0
1	3.97	7	3	5	0
0	1.33	7	4	5	1
0	2.63	7	2	5	0
0	1.60	7	5	6	0
0	0.90	7	1	6	1
0	1.00	7	4	6	1
0	3.47	7	3	6	1
0	2.73	7	2	6	0
0	2.67	7	2	7	0
0	1.90	7	3	7	1
0	0.90	7	4	7	1
0	1.57	7	1	7	1
0	1.93	7	5	7	0
0	1.27	7	4	8	1
0	2.33	7	2	8	0
1	3.73	7	5	8	0
0	1.00	7	1	8	1
0	4.67	7	3	8	0
0	1.63	7	1	9	1
0	4.17	7	5	9	0
0	4.27	7	3	9	0
0	1.47	7	2	9	0
0	0.97	7	4	9	1
0	3.30	7	3	10	1
0	2.00	7	2	10	0
0	1.67	7	5	10	0
0	1.27	7	1	10	1
0	1.13	7	4	10	1
0	4.97	8	3	1	0
0	1.53	8	4	1	1
0	1.67	8	1	1	1
0	1.53	8	5	1	0
0	2.37	8	2	1	0
0	1.53	8	5	2	0
0	1.40	8	1	2	1
0	4.87	8	3	2	1
0	2.33	8	4	2	1
0	2.37	8	2	2	0
0	1.37	8	1	3	1
0	2.10	8	2	3	0
0	1.93	8	4	3	1
0	2.47	8	3	3	0
0	1.57	8	5	3	0
0	1.70	8	3	4	1
0	1.40	8	1	4	1
0	2.37	8	2	4	0
0	1.10	8	4	4	1
0	2.10	8	5	4	0
0	2.20	8	2	5	0
0	2.70	8	3	5	1
0	0.80	8	1	5	1
0	2.23	8	4	5	1
0	1.57	8	5	5	0
0	0.90	8	4	6	1
1	2.40	8	2	6	0
0	1.90	8	3	6	1
0	1.60	8	5	6	0
0	0.87	8	1	6	1
0	1.77	8	5	7	0
0	1.00	8	4	7	1
0	0.70	8	1	7	1
0	2.03	8	3	7	1
0	2.37	8	2	7	0
0	1.57	8	1	8	1
0	1.13	8	2	8	1
0	1.53	8	5	8	0
0	1.43	8	3	8	1
0	1.27	8	4	8	1
0	1.63	8	3	9	1
0	1.43	8	4	9	1
0	3.60	8	5	9	0
0	0.97	8	1	9	1
0	2.67	8	2	9	1
0	3.57	8	2	10	1
0	1.20	8	4	10	1
0	1.80	8	5	10	0
0	1.03	8	1	10	1
1	5.30	8	3	10	1
0	1.20	9	4	1	1
0	2.17	9	2	1	0
1	3.00	9	3	1	1
0	0.53	9	5	1	0
0	1.53	9	1	1	1
0	1.40	9	5	2	0
0	1.63	9	4	2	1
0	1.00	9	1	2	1
0	4.97	9	3	2	0
0	1.50	9	2	2	0
0	2.87	9	3	3	1
0	0.80	9	4	3	1
0	1.87	9	5	3	0
0	0.90	9	1	3	1
0	1.97	9	2	3	0
0	1.47	9	1	4	1
0	1.67	9	2	4	0
0	1.07	9	4	4	1
0	2.73	9	3	4	1
0	1.43	9	5	4	0
0	1.87	9	2	5	0
0	1.27	9	4	5	1
0	1.43	9	5	5	0
0	1.17	9	1	5	1
0	3.30	9	3	5	1
1	3.07	9	3	6	1
0	1.10	9	4	6	1
0	1.07	9	1	6	1
0	1.67	9	5	6	0
0	2.17	9	2	6	0
0	1.57	9	5	7	0
0	1.00	9	1	7	1
1	3.57	9	3	7	1
0	0.80	9	4	7	1
0	2.53	9	2	7	0
0	1.37	9	3	8	1
0	1.13	9	1	8	1
0	1.57	9	2	8	0
0	0.77	9	4	8	1
0	1.47	9	5	8	0
0	1.30	9	1	9	1
0	1.80	9	2	9	0
0	0.93	9	4	9	1
0	3.03	9	3	9	1
0	1.50	9	5	9	0
0	2.93	9	2	10	0
0	1.53	9	3	10	1
0	0.83	9	1	10	1
0	1.67	9	4	10	1
0	1.90	9	5	10	0
0	1.67	10	3	1	1
0	2.07	10	2	1	0
0	1.20	10	4	1	1
0	1.00	10	1	1	1
0	2.53	10	5	1	0
0	0.93	10	1	2	1
0	2.63	10	2	2	0
0	1.80	10	3	2	1
0	2.43	10	5	2	0
0	0.90	10	4	2	1
0	4.30	10	3	3	0
0	1.67	10	4	3	1
0	1.40	10	1	3	1
0	2.20	10	5	3	0
0	1.33	10	2	3	0
0	6.97	10	5	4	0
0	2.10	10	2	4	0
1	4.17	10	3	4	1
0	1.13	10	4	4	1
0	1.40	10	1	4	1
0	0.80	10	1	5	1
0	1.93	10	2	5	0
0	2.73	10	3	5	0
0	2.87	10	5	5	0
0	0.97	10	4	5	1
0	3.50	10	3	6	0
0	2.17	10	2	6	0
0	0.87	10	1	6	1
0	2.70	10	4	6	1
0	1.90	10	5	6	0
0	1.67	10	5	7	0
0	0.87	10	1	7	1
0	0.90	10	4	7	1
0	2.93	10	3	7	1
0	2.50	10	2	7	0
0	1.07	10	4	8	1
0	2.73	10	1	8	1
0	3.03	10	3	8	1
0	1.50	10	5	8	0
0	1.67	10	2	8	0
0	3.67	10	3	9	1
0	1.80	10	2	9	0
0	1.33	10	5	9	0
0	1.23	10	1	9	1
0	1.17	10	4	9	1
0	1.90	10	2	10	0
0	1.50	10	1	10	1
0	1.80	10	5	10	0
1	3.00	10	3	10	1
0	1.53	10	4	10	1
0	2.53	11	5	1	0
1	4.37	11	2	1	0
0	1.57	11	1	1	1
0	3.07	11	3	1	0
0	1.30	11	4	1	1
0	1.83	11	2	2	0
0	3.10	11	4	2	1
1	3.00	11	5	2	0
0	1.10	11	1	2	1
0	3.23	11	3	2	1
0	1.03	11	4	3	1
0	1.60	11	5	3	0
0	1.10	11	1	3	1
0	3.37	11	3	3	1
0	2.73	11	2	3	0
0	2.70	11	1	4	1
0	5.13	11	3	4	1
0	2.83	11	4	4	1
0	2.17	11	5	4	0
0	1.97	11	2	4	0
0	1.57	11	1	5	1
0	1.97	11	2	5	0
0	1.37	11	4	5	1
0	1.97	11	5	5	0
1	3.27	11	3	5	1
0	1.17	11	1	6	1
0	3.30	11	3	6	0
0	0.97	11	4	6	1
0	1.73	11	2	6	0
0	1.73	11	5	6	0
0	4.23	11	3	7	1
0	1.97	11	5	7	0
0	1.80	11	2	7	0
0	1.20	11	1	7	1
0	1.23	11	4	7	1
0	2.70	11	2	8	0
0	1.00	11	4	8	1
0	5.10	11	3	8	1
0	1.70	11	5	8	0
0	1.27	11	1	8	1
0	2.13	11	5	9	0
0	7.13	11	4	9	1
0	2.80	11	2	9	0
0	1.00	11	1	9	1
0	3.23	11	3	9	1
0	4.07	11	3	10	1
0	1.93	11	5	10	0
0	1.87	11	2	10	0
0	1.77	11	1	10	1
0	1.50	11	4	10	1
0	1.90	12	1	1	1
0	3.60	12	3	1	1
0	1.63	12	2	1	0
0	2.67	12	5	1	0
0	0.93	12	4	1	1
0	1.17	12	4	2	1
0	1.13	12	5	2	0
0	1.83	12	2	2	0
0	1.03	12	1	2	1
0	3.60	12	3	2	1
0	3.97	12	3	3	1
0	1.50	12	2	3	0
0	1.10	12	4	3	1
0	0.90	12	1	3	1
0	1.70	12	5	3	0
0	4.30	12	3	4	1
0	1.10	12	4	4	1
0	1.67	12	2	4	0
0	0.90	12	1	4	1
0	2.83	12	5	4	0
0	4.57	12	3	5	1
0	0.83	12	1	5	1
0	2.30	12	2	5	0
0	1.93	12	5	5	0
0	1.13	12	4	5	1
1	3.50	12	3	6	1
0	1.80	12	4	6	1
0	0.80	12	1	6	1
0	2.17	12	2	6	0
0	1.83	12	5	6	0
0	1.10	12	5	7	0
0	1.03	12	4	7	1
0	0.90	12	1	7	1
0	3.50	12	3	7	1
0	4.47	12	2	7	0
0	2.03	12	5	8	0
0	2.63	12	3	8	1
0	0.87	12	4	8	1
0	1.60	12	2	8	0
0	0.97	12	1	8	1
0	2.20	12	5	9	0
0	2.63	12	3	9	0
0	0.87	12	4	9	1
0	0.83	12	1	9	1
0	1.83	12	2	9	0
0	2.47	12	5	10	0
0	2.50	12	2	10	0
0	1.03	12	1	10	1
0	0.90	12	4	10	1
0	2.73	12	3	10	1
0	0.87	13	1	1	1
0	2.77	13	3	1	0
0	1.63	13	2	1	0
0	2.13	13	5	1	0
0	1.20	13	4	1	1
0	1.23	13	4	2	1
0	1.67	13	5	2	0
0	1.57	13	2	2	0
0	1.60	13	1	2	1
1	6.40	13	3	2	1
0	4.93	13	3	3	0
0	6.00	13	3	3	1
0	1.40	13	4	3	1
0	1.37	13	1	3	1
0	2.37	13	5	3	0
0	2.60	13	3	4	1
0	1.23	13	4	4	1
0	2.17	13	2	4	0
0	1.00	13	1	4	1
0	1.43	13	5	4	0
0	3.43	13	3	5	1
0	1.13	13	1	5	1
0	3.23	13	2	5	0
0	2.67	13	5	5	0
0	0.63	13	4	5	1
0	4.73	13	3	6	1
0	1.20	13	4	6	1
0	1.30	13	1	6	1
0	1.53	13	2	6	0
0	2.00	13	5	6	0
0	2.30	13	5	7	0
0	0.83	13	4	7	1
0	0.73	13	1	7	1
0	2.90	13	3	7	1
0	1.63	13	2	7	0
0	1.53	13	5	8	0
0	3.37	13	3	8	1
0	1.43	13	4	8	1
0	3.10	13	2	8	1
0	1.27	13	1	8	1
0	2.00	13	5	9	0
0	3.83	13	3	9	1
0	0.90	13	4	9	1
0	0.93	13	1	9	1
0	1.63	13	2	9	0
0	1.70	13	5	10	0
0	1.63	13	2	10	0
0	1.37	13	1	10	1
0	0.67	13	4	10	1
0	4.67	13	3	10	1
0	4.57	14	3	1	0
0	0.57	14	2	1	0
0	1.73	14	4	1	1
0	1.47	14	1	1	1
0	2.10	14	5	1	0
0	1.43	14	1	2	1
0	2.30	14	2	2	0
0	3.70	14	3	2	1
0	2.83	14	5	2	0
0	1.30	14	4	2	1
0	2.90	14	3	3	1
0	1.13	14	4	3	1
0	1.13	14	1	3	1
0	1.90	14	5	3	0
0	1.10	14	2	3	0
0	1.97	14	5	4	0
0	0.47	14	2	4	0
0	3.10	14	3	4	1
0	1.23	14	4	4	1
0	1.20	14	1	4	1
0	1.57	14	1	5	1
0	1.90	14	2	5	0
0	1.93	14	3	5	1
0	1.53	14	5	5	0
0	1.20	14	4	5	1
0	3.23	14	3	6	1
0	0.70	14	2	6	0
0	2.03	14	1	6	1
0	0.93	14	4	6	1
0	1.53	14	5	6	0
0	1.57	14	5	7	0
0	1.10	14	1	7	1
0	1.17	14	4	7	1
0	2.97	14	3	7	1
0	1.73	14	2	7	0
0	1.00	14	4	8	1
0	1.07	14	1	8	1
0	1.43	14	5	8	0
0	6.40	14	3	8	1
0	1.63	14	2	8	0
0	1.73	14	3	9	1
0	1.43	14	2	9	0
0	2.03	14	5	9	0
0	0.93	14	1	9	1
0	1.07	14	4	9	1
0	2.00	14	2	10	0
0	1.00	14	1	10	1
0	1.90	14	5	10	0
0	3.47	14	3	10	0
0	1.33	14	4	10	1
0	1.47	15	4	1	1
0	4.63	15	2	1	1
0	2.70	15	3	1	1
0	2.63	15	5	1	0
0	1.07	15	1	1	1
0	1.73	15	5	2	0
0	1.03	15	4	2	1
0	1.00	15	1	2	1
0	1.97	15	3	2	0
0	0.47	15	2	2	0
0	1.73	15	3	3	1
0	0.77	15	4	3	1
0	3.57	15	5	3	0
0	0.93	15	1	3	1
0	1.90	15	2	3	0
0	0.70	15	1	4	1
0	1.07	15	2	4	0
0	1.13	15	4	4	1
1	2.07	15	2	5	1
0	2.80	15	5	4	0
0	0.60	15	2	6	0
0	0.73	15	4	5	1
0	0.87	15	1	5	1
0	2.40	15	3	4	0
0	2.17	15	3	5	0
0	1.33	15	4	6	1
0	0.87	15	1	6	1
0	1.23	15	1	7	1
0	1.67	15	5	5	0
0	0.57	15	2	7	0
0	2.10	15	5	6	0
0	1.10	15	1	8	1
0	2.27	15	3	6	1
0	0.77	15	4	7	1
0	1.87	15	2	8	0
0	3.90	15	3	7	1
0	1.40	15	1	9	1
0	2.00	15	2	9	0
0	1.17	15	4	8	1
0	1.73	15	5	7	0
0	1.07	15	1	10	1
0	1.60	15	2	10	0
0	1.73	15	4	9	1
1	4.73	15	3	8	0
0	1.83	15	5	8	0
0	2.40	15	2	11	0
0	3.00	15	3	9	0
0	1.00	15	1	11	1
0	0.90	15	4	10	1
0	1.30	15	5	9	0
0	1.87	16	3	1	1
0	1.27	16	4	1	1
0	1.20	16	1	1	1
0	2.43	16	5	1	0
0	1.30	16	2	1	0
0	3.40	16	5	2	0
0	1.00	16	1	2	1
0	2.83	16	3	2	0
0	1.70	16	4	2	1
0	1.73	16	2	2	0
0	1.77	16	1	3	1
0	1.53	16	2	3	0
0	1.30	16	4	3	1
0	3.43	16	3	3	1
0	2.80	16	5	3	0
1	5.00	16	3	4	0
0	1.70	16	1	4	1
0	0.67	16	2	4	0
0	0.97	16	4	4	1
1	3.10	16	5	4	0
0	1.77	16	2	5	0
0	3.07	16	3	5	1
0	1.23	16	1	5	1
0	1.27	16	4	5	1
0	1.60	16	5	5	0
0	1.70	16	4	6	1
0	4.07	16	2	6	0
0	2.20	16	3	6	1
0	2.77	16	5	6	0
0	2.77	16	1	6	1
0	1.70	16	5	7	0
0	0.77	16	4	7	1
0	0.97	16	1	7	1
1	4.07	16	3	7	1
0	2.40	16	2	7	1
0	1.10	16	1	8	1
0	2.40	16	2	8	0
0	2.73	16	5	8	0
0	16.37	16	3	8	0
0	1.23	16	4	8	1
0	3.37	16	3	9	1
0	1.93	16	4	9	1
0	2.57	16	5	9	0
0	1.00	16	1	9	1
0	1.33	16	2	9	1
0	1.70	16	2	10	1
0	1.03	16	4	10	1
0	2.90	16	5	10	0
0	1.33	16	1	10	1
0	3.03	16	3	10	0
0	1.17	17	1	1	1
0	1.40	17	2	1	0
0	3.17	17	3	1	1
0	1.70	17	5	1	0
0	0.90	17	4	1	1
0	1.47	17	4	2	1
0	1.60	17	5	2	0
0	1.20	17	2	2	0
0	0.87	17	1	2	1
0	2.77	17	3	2	1
0	1.50	17	2	3	1
0	2.10	17	3	3	0
0	0.80	17	4	3	1
0	0.80	17	1	3	1
0	1.43	17	5	3	0
1	3.17	17	3	4	1
0	0.83	17	4	4	1
0	1.60	17	2	4	1
0	1.30	17	1	4	1
0	1.47	17	5	4	0
0	3.67	17	3	5	1
0	1.03	17	1	5	1
0	1.53	17	2	5	0
0	2.50	17	5	5	0
0	0.93	17	4	5	1
0	3.33	17	3	6	0
0	0.90	17	4	6	1
0	1.63	17	1	6	1
0	1.77	17	5	6	0
0	1.10	17	4	6	1
0	1.97	17	5	7	0
1	2.60	17	2	7	0
0	2.33	17	3	7	0
0	0.77	17	1	7	1
0	0.77	17	4	7	1
0	1.53	17	5	8	0
0	3.37	17	3	8	1
0	0.97	17	4	8	1
0	1.50	17	2	8	1
0	1.73	17	1	8	1
0	2.13	17	5	9	0
0	2.17	17	3	9	0
0	0.80	17	4	9	1
0	1.80	17	1	9	1
0	2.50	17	2	9	0
0	1.77	17	5	10	0
0	1.30	17	2	10	1
0	1.53	17	1	10	1
0	1.03	17	4	10	1
1	3.07	17	3	10	1
0	1.13	18	1	1	1
0	1.57	18	2	1	0
0	1.10	18	4	1	1
0	2.40	18	5	1	0
1	2.57	18	3	1	1
0	2.83	18	3	2	0
0	0.87	18	1	2	1
0	2.37	18	5	2	0
0	1.43	18	2	2	1
0	0.83	18	4	2	1
0	0.27	18	2	3	1
0	2.20	18	5	3	0
0	2.90	18	3	3	0
0	1.40	18	1	3	1
0	0.80	18	4	3	1
0	1.67	18	2	4	1
0	3.37	18	3	4	0
0	1.50	18	5	4	0
0	1.50	18	1	4	1
0	1.00	18	4	4	1
0	1.97	18	1	5	1
0	2.13	18	5	5	0
0	2.57	18	3	5	1
0	0.83	18	4	5	1
0	1.33	18	2	5	1
0	5.47	18	3	6	0
0	2.17	18	2	6	1
0	1.33	18	4	6	1
0	1.23	18	1	6	1
0	2.17	18	5	6	0
0	0.93	18	1	7	1
0	2.33	18	5	7	0
0	4.27	18	3	7	1
0	1.40	18	2	7	1
0	1.03	18	4	7	1
0	1.00	18	4	8	1
0	1.33	18	2	8	1
0	1.37	18	1	8	1
0	2.17	18	5	8	0
0	1.83	18	3	8	1
0	2.80	18	3	9	0
0	0.93	18	1	9	1
0	1.50	18	2	9	1
0	0.97	18	4	9	1
0	2.23	18	5	9	0
1	6.40	18	3	10	1
0	2.10	18	5	10	0
0	1.10	18	4	10	1
0	0.93	18	1	10	1
0	1.13	18	2	10	0
0	2.27	19	3	1	0
0	0.83	19	4	1	1
0	1.17	19	1	1	1
0	2.57	19	5	1	0
0	1.27	19	2	1	1
0	2.37	19	5	2	0
0	1.27	19	1	2	1
0	2.47	19	3	2	0
0	1.10	19	4	2	1
0	1.30	19	2	2	1
0	1.03	19	1	3	1
0	1.70	19	2	3	1
0	0.80	19	4	3	1
0	2.37	19	3	3	0
0	1.90	19	5	3	0
0	2.50	19	3	4	0
0	1.73	19	2	4	1
0	1.33	19	1	4	1
0	1.03	19	4	4	1
0	1.70	19	5	4	0
0	1.33	19	2	5	0
0	2.70	19	3	5	0
0	1.43	19	1	5	1
0	1.00	19	4	5	1
0	1.83	19	5	5	0
0	0.87	19	4	6	1
0	3.47	19	3	6	0
0	0.67	19	2	6	0
0	1.97	19	5	6	0
0	2.67	19	1	6	1
0	2.43	19	5	7	0
0	0.83	19	4	7	1
0	1.00	19	1	7	1
0	1.17	19	2	7	1
0	2.47	19	3	7	0
0	1.10	19	1	8	1
0	3.63	19	3	8	0
0	1.83	19	5	8	0
0	0.80	19	4	8	1
0	0.90	19	2	8	0
0	2.33	19	3	9	0
0	0.83	19	4	9	1
0	2.47	19	5	9	0
0	0.93	19	1	9	1
0	1.33	19	2	9	0
0	1.40	19	2	10	1
0	1.00	19	4	10	1
0	1.63	19	5	10	0
0	1.33	19	1	10	1
0	3.77	19	3	10	0
0	1.23	20	2	1	1
0	2.43	20	3	1	0
0	0.93	20	4	1	1
0	1.00	20	1	1	1
0	1.80	20	5	1	0
0	1.43	20	1	2	1
0	1.07	20	2	2	1
1	3.07	20	3	2	1
0	1.57	20	5	2	0
0	1.53	20	4	2	1
0	3.80	20	3	3	1
0	1.10	20	4	3	1
0	1.00	20	1	3	1
0	1.87	20	5	3	0
0	1.07	20	2	3	1
0	3.50	20	5	4	0
0	2.07	20	2	4	0
1	2.97	20	3	4	1
0	0.90	20	4	4	1
0	1.07	20	1	4	1
0	0.83	20	1	5	1
0	1.23	20	2	5	1
0	2.33	20	3	5	0
0	1.97	20	5	5	0
0	0.83	20	4	5	1
0	0.37	20	2	6	0
0	2.40	20	3	6	1
0	1.27	20	1	6	1
0	1.20	20	4	6	1
0	2.63	20	5	6	0
0	1.93	20	5	7	0
0	0.90	20	1	7	1
0	1.10	20	4	7	1
0	2.20	20	3	7	1
1	3.97	20	2	7	1
0	1.20	20	4	8	1
0	1.83	20	1	8	1
0	3.13	20	3	8	0
0	1.47	20	5	8	0
0	3.83	20	2	8	1
0	4.03	20	3	9	0
0	2.37	20	2	9	0
0	1.53	20	5	9	0
0	1.33	20	1	9	1
0	0.83	20	4	9	1
0	1.50	20	2	10	0
0	0.90	20	1	10	1
0	1.80	20	5	10	0
0	2.27	20	3	10	0
0	0.80	20	4	10	1
0	1.30	21	1	1	1
0	1.87	21	2	1	1
0	2.30	21	3	1	0
0	2.73	21	5	1	0
0	0.77	21	4	1	1
0	1.07	21	4	2	1
0	1.37	21	5	2	0
0	1.70	21	2	2	1
0	0.97	21	1	2	1
0	2.23	21	3	2	1
0	0.50	21	2	3	0
0	1.73	21	3	3	1
0	1.07	21	4	3	1
0	0.80	21	1	3	1
0	1.03	21	5	3	0
0	1.70	21	3	4	1
0	0.90	21	4	4	1
0	0.63	21	2	4	1
0	1.03	21	1	4	1
0	2.23	21	5	4	0
0	1.90	21	3	5	1
0	0.87	21	1	5	1
0	0.53	21	2	5	1
0	1.80	21	5	5	0
0	1.00	21	4	5	1
0	1.83	21	3	6	1
0	1.10	21	4	6	1
0	0.90	21	1	6	1
0	1.67	21	5	6	0
0	1.10	21	2	6	1
0	1.30	21	5	7	0
0	0.70	21	4	7	1
0	0.93	21	1	7	1
0	1.87	21	3	7	1
0	1.23	21	2	7	1
0	1.73	21	5	8	0
0	2.93	21	3	8	0
0	0.80	21	4	8	1
0	1.53	21	2	8	1
0	0.83	21	1	8	1
0	1.70	21	5	9	0
0	1.37	21	3	9	1
0	1.47	21	4	9	1
0	0.93	21	1	9	1
0	0.57	21	2	9	1
0	1.33	21	5	10	0
0	0.53	21	2	10	0
0	0.70	21	1	10	0
0	0.73	21	4	10	1
0	2.20	21	3	10	0
0	1.13	22	4	1	1
0	3.43	22	5	1	0
0	1.57	22	2	1	1
0	1.07	22	1	1	1
0	2.40	22	3	1	1
0	2.53	22	3	2	0
0	0.73	22	4	2	1
0	1.20	22	2	2	1
0	1.37	22	1	2	1
0	2.07	22	5	2	0
1	2.17	22	5	3	0
0	0.77	22	1	3	1
0	0.67	22	4	3	1
1	3.03	22	2	3	1
0	2.50	22	3	3	0
0	6.17	22	3	4	1
0	0.80	22	1	4	1
0	1.30	22	2	4	1
0	0.93	22	4	4	1
1	2.20	22	5	4	0
1	1.77	22	5	5	0
0	1.10	22	4	5	1
0	3.10	22	2	5	0
0	3.37	22	3	5	1
0	1.00	22	1	5	1
1	1.87	22	5	6	0
0	2.67	22	2	6	0
0	0.80	22	1	6	1
0	0.73	22	4	6	1
1	4.20	22	3	6	1
0	1.33	22	2	7	1
0	4.10	22	3	7	0
0	0.73	22	1	7	1
0	0.73	22	4	7	1
1	2.23	22	5	7	0
0	0.80	22	1	8	1
0	1.43	22	2	8	1
0	0.80	22	4	8	1
1	4.03	22	3	8	1
0	2.10	22	5	8	0
0	1.30	22	2	9	1
0	1.17	22	1	9	1
0	1.13	22	4	9	1
1	4.63	22	3	9	1
0	2.13	22	5	9	0
0	4.60	22	3	10	1
0	0.77	22	4	10	1
0	0.67	22	1	10	1
0	3.37	22	2	10	0
0	1.93	22	5	10	0
0	2.17	23	3	1	0
0	0.80	23	4	1	1
0	0.83	23	1	1	1
0	1.43	23	5	1	0
0	1.40	23	2	1	1
1	2.00	23	5	2	0
0	0.93	23	1	2	1
0	2.57	23	3	2	0
0	0.90	23	4	2	1
0	0.83	23	2	2	0
0	1.83	23	1	3	1
0	1.20	23	2	3	1
0	0.87	23	4	3	1
0	2.33	23	3	3	0
0	1.47	23	5	3	0
1	2.87	23	3	4	1
0	0.93	23	1	4	1
0	1.13	23	2	4	0
0	0.83	23	4	4	1
0	1.27	23	5	4	0
0	1.00	23	2	5	0
1	4.20	23	3	5	1
0	0.77	23	1	5	1
1	10.10	23	4	5	1
0	1.53	23	5	5	0
0	0.83	23	4	6	1
0	1.27	23	2	6	1
1	3.53	23	3	6	1
0	1.43	23	5	6	0
0	0.97	23	1	6	1
0	1.43	23	5	7	0
0	0.77	23	4	7	1
0	0.93	23	1	7	1
1	2.73	23	3	7	0
0	2.13	23	2	7	0
0	0.90	23	1	8	1
0	1.67	23	2	8	0
0	1.17	23	5	8	0
1	3.37	23	3	8	1
0	0.67	23	4	8	1
0	2.00	23	3	9	0
0	1.03	23	4	9	1
0	1.47	23	5	9	0
0	0.83	23	1	9	1
1	1.87	23	2	9	0
0	3.47	23	2	10	0
0	1.17	23	4	10	1
0	1.77	23	5	10	0
0	0.87	23	1	10	1
0	2.87	23	3	10	1
0	5.47	24	4	1	1
0	1.30	24	2	1	1
0	3.43	24	3	1	0
0	1.93	24	5	1	0
0	0.80	24	1	1	1
0	3.23	24	3	2	0
0	1.03	24	4	2	1
0	1.27	24	1	2	1
0	2.33	24	5	2	0
1	4.23	24	2	2	0
0	0.97	24	5	3	0
0	1.13	24	1	3	1
1	3.53	24	3	3	1
0	1.00	24	4	3	1
0	0.90	24	2	3	0
0	1.93	24	3	4	1
0	0.77	24	1	4	1
0	1.10	24	2	4	0
0	3.83	24	5	4	0
0	0.63	24	4	4	1
0	0.80	24	4	5	1
0	1.27	24	2	5	1
0	1.80	24	5	5	0
0	0.93	24	1	5	1
0	2.57	24	3	5	0
1	2.63	24	5	6	0
0	0.80	24	1	6	1
0	0.87	24	4	6	1
0	3.10	24	3	6	0
0	1.30	24	2	6	0
0	0.83	24	4	7	1
0	0.90	24	2	7	1
0	2.70	24	5	7	0
0	2.03	24	1	7	1
1	4.77	24	3	7	1
0	0.77	24	1	8	1
1	3.13	24	5	8	0
0	3.53	24	3	8	1
0	0.97	24	2	8	0
0	0.77	24	4	8	1
0	2.80	24	3	9	1
0	2.20	24	1	9	1
0	1.23	24	5	9	0
0	1.13	24	2	9	0
0	1.03	24	4	9	1
0	3.30	24	5	10	0
0	0.97	24	1	10	1
0	1.17	24	2	10	0
0	0.90	24	4	10	1
0	6.20	24	3	10	0
0	0.70	25	1	1	1
0	1.03	25	2	1	0
1	5.57	25	4	1	1
0	1.10	25	4	1	1
0	1.33	25	3	1	1
0	1.57	25	3	2	1
0	1.30	25	1	2	1
0	1.40	25	5	2	0
0	0.63	25	2	2	0
0	0.40	25	4	2	1
0	0.63	25	2	3	0
0	1.30	25	5	3	0
0	1.67	25	3	3	1
0	1.00	25	1	3	1
1	7.50	25	4	3	1
0	1.80	25	2	4	0
0	1.93	25	3	4	0
0	0.63	25	4	4	1
0	1.70	25	5	4	0
0	0.87	25	1	4	1
0	0.87	25	1	5	1
0	1.87	25	5	5	0
0	1.83	25	3	5	0
0	1.10	25	5	5	0
0	0.80	25	2	5	0
0	1.30	25	5	6	0
0	0.80	25	1	6	1
0	0.53	25	4	6	1
0	1.50	25	3	6	1
0	0.47	25	2	6	0
1	1.83	25	2	7	0
1	6.73	25	3	7	1
0	0.60	25	4	7	1
0	0.77	25	1	7	1
0	0.97	25	5	7	0
0	0.97	25	4	8	1
1	2.70	25	2	8	0
0	1.20	25	5	8	0
0	0.87	25	1	8	1
0	1.50	25	3	8	0
0	0.77	25	1	9	1
0	1.10	25	5	9	0
1	1.67	25	3	9	1
1	3.27	25	2	9	1
0	0.80	25	4	9	1
0	2.23	25	3	10	0
0	2.10	25	2	10	0
0	1.07	25	5	10	0
0	0.67	25	1	10	1
0	0.70	25	4	10	1
0	0.80	26	1	1	1
0	2.37	26	3	1	1
0	2.50	26	2	1	1
0	1.67	26	5	1	0
0	1.13	26	4	1	1
0	0.90	26	4	2	1
1	2.07	26	5	2	0
0	0.90	26	2	2	0
0	0.67	26	1	2	1
0	3.77	26	3	2	0
0	1.87	26	3	3	0
0	0.97	26	2	3	0
1	3.97	26	4	3	1
0	1.53	26	1	3	1
0	1.47	26	5	3	0
0	4.83	26	3	4	1
0	4.27	26	4	4	1
0	0.83	26	2	4	1
0	1.07	26	1	4	1
0	1.40	26	5	4	0
0	1.80	26	3	5	1
0	0.83	26	1	5	1
0	0.57	26	2	5	1
0	1.43	26	5	5	0
0	1.03	26	4	5	1
0	1.73	26	3	6	1
0	0.67	26	4	6	1
0	0.80	26	1	6	1
0	2.23	26	5	6	0
0	0.63	26	1	7	1
0	1.43	26	5	7	0
0	0.77	26	4	7	1
0	0.73	26	1	8	1
0	2.70	26	3	7	1
0	1.17	26	2	6	1
0	1.70	26	5	8	0
0	1.87	26	3	8	0
1	2.37	26	4	8	1
0	1.20	26	2	7	1
0	0.80	26	1	9	1
0	1.10	26	5	9	0
0	1.73	26	3	9	0
0	0.63	26	4	9	1
0	0.80	26	1	10	1
0	1.23	26	2	8	1
0	0.73	26	4	10	1
0	1.13	26	2	9	1
0	0.77	26	1	11	1
0	2.00	26	4	11	1
0	2.70	26	3	10	0
