Ошибки/Успех	ВремяР с	День	ПоложОтв	НомерПол	Рука
0	3.33	1	1	1	1
0	0.67	1	2	1	1
1	5.10	1	4	1	1
0	11.27	1	5	1	1
2		1	3	1	
2		1	3	2	
0	3.17	1	1	2	1
0	0.63	1	5	2	0
0	0.80	1	2	2	1
1	37.63	1	4	2	1
0	0.83	1	2	3	1
0	1.57	1	5	3	0
2		1	3	3	
2		1	1	3	
2		1	4	3	
0	0.53	1	2	4	1
2		1	4	4	
0	2.77	1	5	4	0
0	2.07	1	1	4	0
2		1	3	4	
1	6.47	1	1	5	1
0	0.70	1	5	5	0
1	12.90	1	3	5	1
2		1	4	5	
0	0.90	1	2	5	1
0	0.93	1	5	6	0
1	3.27	1	1	6	1
2		1	4	6	
1	10.90	1	3	6	1
0	2.27	1	2	6	1
0	3.03	1	2	7	1
2		1	3	7	
2		1	4	7	
0	1.10	1	1	7	1
0	2.30	1	5	7	0
2		1	4	8	
0	0.50	1	2	8	1
0	0.60	1	5	8	0
1	1.60	1	1	8	1
1	119.30	1	3	8	1
0	1.93	1	1	9	1
0	1.17	1	5	9	0
1	70.30	1	3	9	1
0	1.17	1	2	9	1
1	16.37	1	4	9	0
2		1	3	10	
0	0.70	1	2	10	1
0	2.27	1	5	10	0
0	1.80	1	1	10	0
2		1	4	10	
0	1.73	2	4	1	1
0	0.63	2	2	1	1
1	107.03	2	3	1	1
0	1.10	2	5	1	0
0	1.07	2	1	1	1
0	1.13	2	5	2	0
0	1.37	2	4	2	1
0	2.13	2	1	2	1
1	61.83	2	3	2	0
0	1.40	2	2	2	1
0	10.13	2	3	3	1
0	1.80	2	4	3	1
0	0.63	2	5	3	0
1	2.80	2	1	3	1
0	0.57	2	2	3	1
0	1.27	2	1	4	1
0	0.60	2	2	4	1
1	105.40	2	4	4	1
0	2.93	2	3	4	0
0	0.57	2	5	4	0
0	0.40	2	2	5	1
0	2.87	2	4	5	1
0	0.93	2	5	5	0
1	8.73	2	1	5	1
1	47.33	2	3	5	0
0	1.37	2	3	6	0
0	0.63	2	4	6	1
1	3.00	2	1	6	1
1	19.33	2	5	6	0
0	2.53	2	2	6	0
0	3.57	2	5	7	0
0	1.43	2	1	7	0
0	2.63	2	3	7	0
0	0.67	2	4	7	1
0	0.40	2	2	7	1
0	2.50	2	3	8	0
1	2.60	2	1	8	1
0	0.80	2	5	8	1
1	19.07	2	4	8	1
1	2.43	2	5	8	1
0	3.37	2	1	9	0
0	1.13	2	2	9	1
1	4.57	2	4	9	1
1	45.87	2	3	9	0
1	7.70	2	5	9	0
0	0.97	2	2	10	1
1	12.17	2	3	10	1
1	2.17	2	1	10	1
1	41.80	2	4	10	1
0	2.30	2	5	10	0
1	9.90	3	3	1	1
0	2.63	3	2	1	1
0	5.93	3	4	1	1
0	0.47	3	1	1	1
0	1.00	3	5	1	0
0	0.43	3	1	2	1
0	0.63	3	2	2	1
1	8.57	3	3	2	1
0	7.50	3	5	2	0
1	3.87	3	4	2	1
0	3.07	3	3	3	1
0	5.30	3	4	3	1
0	1.13	3	1	3	1
0	1.83	3	5	3	1
0	0.83	3	2	3	1
0	2.03	3	5	4	0
0	2.07	3	2	4	1
0	3.33	3	3	4	1
0	5.73	3	4	4	1
0	1.67	3	1	4	1
0	1.43	3	1	5	1
0	1.07	3	2	5	1
0	2.63	3	3	5	0
0	3.07	3	5	5	0
1	5.23	3	4	5	1
0	19.07	3	3	6	1
0	0.67	3	2	6	1
0	29.60	3	1	6	1
0	3.03	3	4	6	1
0	2.13	3	5	6	0
0	4.07	3	5	7	1
0	1.60	3	1	7	1
0	4.90	3	4	7	1
1	26.43	3	3	7	0
0	0.77	3	2	7	1
1	5.97	3	4	8	1
1	2.40	3	1	8	1
0	15.70	3	3	8	0
0	1.20	3	5	8	0
0	0.67	3	2	8	1
0	6.10	3	3	9	1
0	1.27	3	2	9	1
0	1.33	3	5	9	0
1	1.87	3	1	9	1
0	3.27	3	4	9	1
0	0.83	3	2	10	1
0	1.10	3	1	10	1
0	0.97	3	5	10	0
1	17.57	3	3	10	1
1	12.10	3	4	10	1
0	0.53	4	5	1	0
0	2.27	4	2	1	1
0	2.97	4	1	1	1
0	35.33	4	3	1	0
0	2.33	4	4	1	1
0	0.73	4	2	2	1
1	8.40	4	4	2	1
0	0.93	4	5	2	0
0	1.73	4	1	2	1
1	12.13	4	3	2	1
1	4.33	4	4	3	1
0	1.17	4	5	3	0
0	1.37	4	1	3	1
0	32.07	4	3	3	0
0	0.50	4	2	3	1
0	1.50	4	1	4	1
1	9.40	4	3	4	1
0	6.57	4	4	4	1
0	1.13	4	5	4	0
0	2.07	4	2	4	1
0	1.60	4	1	5	1
0	0.53	4	2	5	1
1	5.27	4	4	5	1
0	0.47	4	5	5	0
1	40.30	4	3	5	1
0	0.90	4	1	6	1
0	3.70	4	3	6	1
0	2.97	4	4	6	1
0	0.57	4	2	6	1
0	1.77	4	5	6	0
1	17.37	4	3	7	0
0	1.37	4	5	7	0
0	1.03	4	2	7	1
0	3.23	4	1	7	1
0	2.93	4	4	7	1
0	1.53	4	2	8	1
0	2.00	4	4	8	1
1	31.97	4	3	8	0
0	0.70	4	5	8	0
0	1.73	4	1	8	1
1	13.53	4	5	9	0
0	8.67	4	4	9	1
0	1.03	4	2	9	1
0	2.03	4	1	9	1
0	3.87	4	3	9	1
1	13.00	4	3	10	0
0	0.83	4	5	10	0
0	0.83	4	2	10	1
0	1.80	4	1	10	1
0	2.80	4	4	10	1
0	2.40	5	4	1	1
0	0.40	5	2	1	1
0	3.63	5	3	1	1
0	0.70	5	5	1	0
0	0.57	5	1	1	1
0	0.53	5	5	2	0
0	3.50	5	4	2	1
1	15.20	5	1	2	1
0	3.77	5	3	2	1
0	0.43	5	2	2	1
1	5.30	5	3	3	1
0	2.13	5	4	3	1
0	1.33	5	5	3	0
0	0.83	5	1	3	1
0	0.43	5	1	3	1
0	0.83	5	1	4	1
0	0.63	5	2	4	1
0	2.33	5	4	4	1
0	2.27	5	3	4	1
0	1.03	5	5	4	0
0	0.63	5	2	5	1
0	1.60	5	4	5	1
0	1.27	5	5	5	0
1	3.63	5	1	5	1
1	3.53	5	3	5	1
1	6.73	5	3	6	0
0	4.50	5	4	6	1
1	16.63	5	1	6	1
0	3.87	5	5	6	0
0	0.33	5	2	6	1
0	0.60	5	5	7	0
0	0.97	5	1	7	1
1	22.40	5	3	7	1
0	2.97	5	4	7	1
0	0.47	5	2	7	1
0	5.03	5	3	8	1
0	2.83	5	1	8	1
0	0.43	5	2	8	1
1	23.57	5	4	8	1
0	0.57	5	5	8	0
0	4.27	5	1	9	1
0	0.33	5	2	9	1
1	3.27	5	4	9	1
1	46.43	5	3	9	0
0	0.77	5	5	9	0
0	0.93	5	2	10	1
0	3.23	5	3	10	1
0	1.57	5	1	10	1
0	4.37	5	4	10	1
0	0.73	5	5	10	0
0	0.70	6	1	1	1
1	2.57	6	3	1	0
0	0.57	6	2	1	1
0	1.00	6	5	1	0
0	1.07	6	4	1	1
0	3.23	6	4	2	1
0	1.67	6	5	2	0
0	1.20	6	2	2	1
0	0.93	6	1	2	1
1	2.67	6	3	2	0
0	3.03	6	3	3	1
0	0.60	6	2	3	1
0	2.17	6	4	3	1
0	1.27	6	1	3	1
1	5.90	6	5	3	0
1	19.53	6	3	4	1
0	2.47	6	4	4	1
0	0.33	6	2	4	1
0	1.37	6	1	4	1
0	0.80	6	5	4	0
1	24.67	6	3	5	1
0	1.27	6	1	5	1
0	0.50	6	2	5	1
0	0.77	6	5	5	0
0	3.90	6	4	5	1
0	3.13	6	3	6	1
0	3.10	6	4	6	1
0	1.43	6	1	6	1
0	0.63	6	5	6	0
0	0.50	6	2	6	1
0	1.37	6	5	7	0
0	4.47	6	4	7	1
0	1.43	6	1	7	1
1	3.27	6	3	7	1
0	0.43	6	2	7	1
0	1.23	6	5	8	0
0	3.20	6	3	8	1
0	2.87	6	4	8	1
0	0.60	6	2	8	1
0	5.37	6	1	8	1
1	19.77	6	5	9	0
0	4.27	6	3	9	1
0	2.87	6	4	9	1
0	1.50	6	1	9	1
0	0.43	6	2	9	1
0	0.83	6	5	10	0
0	0.47	6	2	10	1
0	1.27	6	1	10	1
0	3.20	6	4	10	1
1	3.57	6	3	10	1
0	1.70	7	1	1	1
1	13.13	7	3	1	0
0	0.93	7	2	1	1
0	0.77	7	5	1	0
0	1.33	7	4	1	1
0	0.47	7	5	2	0
0	1.13	7	2	2	1
0	0.57	7	5	2	0
0	1.17	7	1	2	1
1	15.37	7	3	2	0
1	6.87	7	3	3	0
0	0.80	7	2	3	1
0	1.83	7	4	3	1
0	0.90	7	1	3	1
0	0.73	7	5	3	0
1	2.30	7	3	4	0
0	1.73	7	4	4	1
0	1.83	7	1	4	1
0	0.43	7	2	4	1
0	1.00	7	5	4	0
1	5.43	7	3	5	0
0	1.37	7	1	5	1
0	0.43	7	2	5	1
0	0.70	7	5	5	0
1	3.43	7	4	5	1
0	3.50	7	3	6	0
0	2.43	7	4	6	1
0	1.80	7	1	6	1
0	0.50	7	2	6	1
0	2.43	7	5	6	0
0	1.83	7	5	7	0
0	2.10	7	4	7	1
0	1.23	7	1	7	1
0	3.13	7	3	7	0
0	1.03	7	2	7	1
0	0.43	7	5	8	0
1	3.10	7	3	8	0
0	1.80	7	4	8	1
0	0.60	7	2	8	1
0	1.47	7	1	8	1
0	0.93	7	5	9	0
1	4.20	7	3	9	0
0	3.17	7	4	9	1
0	1.77	7	1	9	1
0	0.57	7	2	9	1
0	0.90	7	5	10	0
0	0.90	7	2	10	1
0	0.77	7	1	10	1
0	1.77	7	4	10	1
0	2.37	7	3	10	0
0	2.40	8	4	1	1
0	0.33	8	2	1	1
1	2.53	8	3	1	0
0	0.50	8	5	1	0
1	6.80	8	1	1	1
0	1.50	8	5	2	0
1	10.83	8	1	2	1
1	4.23	8	3	2	0
0	1.57	8	4	2	1
0	0.23	8	2	2	1
0	0.30	8	2	3	1
0	2.60	8	3	3	0
0	1.97	8	1	3	1
0	2.60	8	4	3	1
0	1.70	8	5	3	0
1	10.10	8	3	4	0
0	1.93	8	1	4	1
0	0.37	8	5	4	0
0	1.13	8	2	4	1
0	2.53	8	4	4	1
0	3.33	8	3	5	0
0	1.90	8	4	5	1
0	0.47	8	5	5	0
0	0.87	8	1	5	0
0	0.73	8	2	5	1
0	0.93	8	5	6	0
0	2.87	8	1	6	1
0	2.97	8	4	6	0
0	5.53	8	3	6	0
0	0.57	8	2	6	1
0	1.17	8	1	7	1
0	2.03	8	5	7	0
1	4.33	8	3	7	0
0	0.47	8	2	7	1
0	1.80	8	4	7	1
1	4.37	8	3	8	0
1	3.27	8	1	8	1
0	0.93	8	5	8	0
0	0.57	8	2	8	1
0	3.70	8	4	8	1
0	0.67	8	5	9	0
0	2.17	8	1	9	1
0	1.07	8	5	9	0
0	2.57	8	4	9	1
0	0.57	8	2	9	1
1	14.30	8	3	10	0
0	2.20	8	1	10	1
0	0.87	8	2	10	1
0	0.83	8	4	10	1
0	0.77	8	5	10	0
0	0.93	9	4	1	1
0	0.37	9	2	1	1
1	1.83	9	3	1	0
0	1.37	9	5	1	0
0	0.63	9	1	1	1
0	0.97	9	5	2	0
0	0.80	9	4	2	1
0	0.57	9	1	2	1
1	2.83	9	3	2	0
0	0.47	9	2	2	1
0	2.80	9	3	3	0
0	2.57	9	4	3	1
0	0.43	9	5	3	0
0	0.97	9	1	3	1
0	1.13	9	2	3	1
0	1.63	9	1	4	1
0	0.63	9	2	4	1
0	3.33	9	4	4	1
0	2.77	9	3	4	0
0	0.50	9	5	4	0
0	0.97	9	2	5	1
1	10.27	9	4	5	1
0	1.43	9	5	5	0
0	2.20	9	1	5	1
0	2.80	9	3	5	0
0	8.87	9	3	6	0
0	2.40	9	4	6	1
0	0.93	9	1	6	1
0	1.57	9	5	6	0
0	1.83	9	2	6	1
2		9	5	7	
0	2.20	9	1	7	1
1	3.73	9	3	7	0
0	3.10	9	4	7	1
0	0.77	9	2	7	1
1	15.57	9	3	8	0
0	2.13	9	1	8	1
0	0.97	9	2	8	1
2		9	4	8	
1	36.67	9	5	8	1
1	12.83	9	1	9	1
0	0.23	9	2	9	1
2		9	4	9	
1	3.43	9	3	9	0
0	0.40	9	5	9	0
0	0.40	9	2	10	1
1	4.80	9	3	10	0
0	2.83	9	1	10	1
2		9	4	10	
1	12.43	9	5	10	0
0	8.80	10	3	1	0
0	2.57	10	4	1	1
1	2.60	10	1	1	1
0	2.10	10	5	1	0
0	0.63	10	2	1	1
0	0.60	10	5	2	0
0	1.57	10	1	2	1
1	3.77	10	3	2	0
0	2.10	10	4	2	1
0	0.30	10	2	2	1
0	1.07	10	1	3	0
0	0.37	10	2	3	1
1	4.97	10	4	3	1
0	1.70	10	3	3	0
0	0.50	10	5	3	0
1	12.13	10	3	4	0
0	1.73	10	1	4	1
0	0.47	10	2	4	1
0	2.90	10	4	4	1
0	0.87	10	5	4	0
0	0.40	10	2	5	1
0	2.67	10	3	5	0
0	1.10	10	1	5	1
0	1.33	10	4	5	1
0	1.33	10	5	5	0
0	3.33	10	4	6	1
0	0.87	10	2	6	1
1	3.83	10	3	6	0
0	0.60	10	5	6	0
0	2.57	10	1	6	1
0	2.97	10	5	7	0
0	1.67	10	4	7	1
0	2.87	10	1	7	1
1	2.13	10	3	7	0
0	1.57	10	2	7	0
0	74.70	10	1	8	1
0	0.43	10	2	8	1
0	0.50	10	5	8	0
0	2.33	10	1	8	1
0	4.03	10	4	8	1
1	13.47	10	3	9	0
0	3.47	10	4	9	1
1	8.87	10	5	9	0
0	1.83	10	1	9	1
0	0.50	10	2	9	1
0	0.33	10	2	10	1
1	5.33	10	4	10	1
0	0.63	10	5	10	0
0	7.10	10	1	10	1
0	6.33	10	3	10	0
0	0.47	11	2	1	1
0	2.40	11	1	1	1
0	3.57	11	4	1	1
1	28.43	11	3	1	0
1	195.20	11	5	1	0
0	1.20	11	1	2	1
1	5.70	11	3	2	0
0	1.67	11	4	2	1
0	0.90	11	2	2	1
0	0.50	11	5	2	0
0	0.57	11	5	3	0
0	3.87	11	4	3	1
0	3.43	11	1	3	1
2		11	3	3	
1	4.10	11	2	3	1
0	2.60	11	1	4	1
0	1.30	11	2	4	1
0	1.20	11	4	4	1
1	12.50	11	3	4	0
0	1.37	11	5	4	0
0	3.27	11	3	5	0
0	1.40	11	1	5	1
0	3.03	11	4	5	1
0	0.63	11	2	5	1
1	3.37	11	5	5	0
0	0.53	11	5	6	0
1	4.80	11	1	6	1
1	4.13	11	3	6	0
0	0.83	11	2	6	1
0	2.67	11	4	6	1
1	1.87	11	4	7	1
0	0.53	11	2	7	1
1	3.70	11	1	7	1
0	0.60	11	5	7	0
1	7.37	11	3	7	0
1	5.50	11	3	8	0
0	0.50	11	2	8	1
1	5.80	11	1	8	1
0	0.77	11	5	8	0
0	2.30	11	4	8	1
0	0.83	11	2	9	1
1	2.57	11	1	9	0
0	4.50	11	3	9	0
0	2.53	11	4	9	1
0	0.73	11	5	9	0
0	1.27	11	4	10	1
0	2.03	11	5	10	0
1	4.10	11	3	10	0
0	0.33	11	2	10	1
1	3.27	11	1	10	1
0	2.40	12	1	1	0
0	0.57	12	2	1	1
1	4.53	12	3	1	0
0	0.77	12	5	1	0
0	2.33	12	4	1	1
0	2.63	12	4	2	1
0	0.93	12	5	2	0
0	0.57	12	2	2	1
0	1.33	12	1	2	1
0	6.20	12	3	2	0
0	0.53	12	2	3	1
0	4.70	12	3	3	0
0	2.77	12	4	3	1
0	2.77	12	1	3	1
0	0.83	12	5	3	0
1	6.70	12	3	4	0
0	1.10	12	4	4	1
0	0.77	12	2	4	1
0	3.03	12	1	4	1
0	1.17	12	5	4	0
0	4.80	12	3	5	0
0	1.53	12	1	5	1
0	0.60	12	2	5	1
0	2.43	12	5	5	0
0	2.73	12	4	5	1
1	7.40	12	3	6	0
0	3.60	12	4	6	1
0	3.80	12	1	6	1
0	0.97	12	5	6	0
0	0.43	12	2	6	1
0	0.70	12	5	7	0
1	8.93	12	4	7	1
1	4.63	12	1	7	1
0	9.47	12	3	7	1
1	12.53	12	2	7	1
0	19.37	12	5	8	0
2		12	3	8	
0	11.63	12	4	8	1
0	0.97	12	2	8	1
1	5.90	12	1	8	0
0	0.67	12	5	9	0
1	15.50	12	3	9	0
0	7.33	12	4	9	1
0	3.70	12	1	9	1
0	5.37	12	2	9	0
2		12	5	10	
2		12	2	10	
1	51.50	12	1	10	1
0	4.67	12	4	10	1
0	66.87	12	3	10	0
1	7.40	13	1	1	0
0	0.77	13	2	1	1
0	2.87	13	4	1	1
0	0.73	13	5	1	0
1	6.87	13	3	1	0
0	6.93	13	3	2	0
0	3.73	13	1	2	1
0	1.23	13	5	2	0
0	1.47	13	2	2	1
0	3.27	13	4	2	1
0	0.73	13	2	3	1
0	1.07	13	5	3	0
1	6.17	13	3	3	0
1	4.13	13	1	3	1
0	1.87	13	4	3	1
0	0.40	13	2	4	1
1	8.97	13	3	4	0
0	1.13	13	5	4	0
0	3.80	13	1	4	1
0	2.63	13	4	4	1
1	3.33	13	1	5	0
0	1.00	13	5	5	0
1	14.60	13	3	5	0
0	4.43	13	4	5	1
0	0.47	13	2	5	1
1	6.77	13	3	6	0
0	1.23	13	2	6	1
0	6.33	13	4	6	1
1	3.10	13	1	6	1
0	3.33	13	5	6	0
1	3.47	13	1	7	1
0	1.57	13	5	7	0
1	65.40	13	3	7	0
0	0.97	13	2	7	1
0	2.03	13	4	7	1
0	15.07	13	3	8	0
1	14.43	13	1	8	0
0	0.50	13	2	8	1
0	5.57	13	4	8	1
0	1.83	13	5	8	0
2		13	3	9	
1	12.53	13	5	9	0
0	1.83	13	4	9	1
1	4.43	13	1	9	1
0	0.57	13	2	9	1
1	49.90	13	3	10	0
1	19.87	13	1	10	1
0	0.83	13	2	10	1
0	2.67	13	4	10	1
0	0.83	13	5	10	0
1	4.13	14	3	1	0
0	1.27	14	4	1	1
0	2.10	14	1	1	1
0	0.90	14	5	1	0
0	1.67	14	2	1	1
0	0.73	14	5	2	0
0	1.93	14	1	2	0
1	3.80	14	3	2	0
0	2.30	14	4	2	1
0	1.37	14	2	2	1
0	3.20	14	1	3	0
0	0.50	14	2	3	1
0	0.87	14	4	3	1
1	14.60	14	3	3	0
0	1.87	14	5	3	0
0	7.17	14	3	4	0
0	1.13	14	2	4	1
0	2.77	14	1	4	1
0	2.33	14	4	4	1
0	0.60	14	5	4	0
0	1.80	14	2	5	1
1	10.83	14	3	5	0
0	2.73	14	1	5	0
0	8.07	14	4	5	1
0	1.03	14	5	5	0
0	2.53	14	4	6	1
1	2.03	14	3	6	0
0	1.10	14	2	6	1
0	1.13	14	5	6	0
1	7.67	14	1	6	1
0	0.63	14	5	7	0
0	2.70	14	4	7	1
0	2.10	14	1	7	0
0	0.80	14	2	7	1
1	7.43	14	3	7	0
0	0.87	14	5	8	0
0	0.50	14	2	8	1
1	9.83	14	4	8	1
0	5.00	14	3	8	0
0	0.97	14	5	9	0
0	5.03	14	3	9	0
0	3.17	14	4	9	1
0	1.00	14	5	10	0
0	2.77	14	1	8	0
0	1.03	14	2	9	1
0	2.23	14	2	10	1
0	2.10	14	4	10	1
0	1.83	14	5	11	0
0	3.27	14	1	9	0
1	11.90	14	3	10	1
0	1.33	15	4	1	1
0	0.93	15	5	1	0
0	1.33	15	2	1	1
0	2.63	15	1	1	0
1	3.70	15	3	1	0
0	11.77	15	3	2	0
0	1.70	15	4	2	1
0	0.40	15	2	2	1
0	2.63	15	1	2	1
0	0.63	15	5	2	0
0	1.13	15	5	3	0
0	4.43	15	1	3	0
0	1.63	15	4	3	1
0	0.57	15	2	3	1
1	7.93	15	3	3	0
1	3.40	15	3	4	0
0	1.90	15	1	4	0
0	1.60	15	2	4	1
0	2.23	15	4	4	1
0	1.30	15	5	4	0
0	0.77	15	5	5	0
0	3.10	15	4	5	1
1	2.87	15	2	5	1
1	4.20	15	3	5	0
1	3.60	15	1	5	0
0	0.73	15	5	6	0
0	0.93	15	2	6	1
0	3.10	15	1	6	0
2		15	5	6	
2		15	3	6	
0	1.40	15	2	7	1
1	20.20	15	3	7	0
0	2.17	15	1	7	0
0	4.00	15	4	7	1
0	0.87	15	5	7	0
1	3.70	15	1	8	0
0	0.67	15	2	8	1
0	2.33	15	4	8	1
1	31.70	15	3	8	0
0	0.97	15	5	8	0
0	0.63	15	2	9	1
1	5.90	15	1	9	0
0	2.30	15	4	9	1
1	5.70	15	3	9	0
0	1.70	15	5	9	0
2		15	3	10	
0	13.33	15	4	10	1
0	62.93	15	1	10	1
0	1.00	15	2	10	1
0	3.83	15	5	10	0
1	13.53	16	3	1	0
0	4.83	16	4	1	1
1	7.93	16	1	1	0
0	0.80	16	5	1	0
0	0.53	16	2	1	1
0	0.83	16	5	2	0
1	8.60	16	1	2	1
0	6.30	16	3	2	0
0	3.53	16	4	2	1
0	0.93	16	2	2	1
1	4.53	16	1	3	1
0	0.80	16	2	3	1
0	1.80	16	4	3	1
1	4.10	16	3	3	0
0	0.90	16	5	3	0
1	8.33	16	3	4	0
1	5.57	16	1	4	1
0	1.10	16	2	4	1
1	3.67	16	4	4	1
0	0.70	16	5	4	0
0	0.53	16	2	5	1
1	8.13	16	3	5	0
0	3.90	16	4	5	1
0	1.03	16	5	5	0
1	16.17	16	4	5	1
0	1.10	16	2	6	1
1	16.63	16	3	6	0
0	1.37	16	5	6	0
0	2.60	16	1	6	0
0	0.63	16	5	6	0
1	8.20	16	4	7	1
0	0.80	16	1	7	1
1	21.43	16	3	7	0
0	0.67	16	2	7	1
0	0.63	16	5	7	0
1	2.57	16	1	8	1
0	1.43	16	2	8	1
0	1.07	16	5	8	0
1	7.43	16	3	8	0
0	2.70	16	4	8	1
0	3.67	16	3	9	0
1	6.10	16	4	9	1
0	0.60	16	5	9	0
1	2.40	16	1	9	0
0	0.90	16	2	9	1
0	0.63	16	2	10	1
0	1.43	16	4	10	1
0	0.87	16	5	10	0
1	3.13	16	1	10	1
0	3.83	16	3	10	0
0	1.43	17	4	1	1
0	0.67	17	2	1	1
1	2.83	17	3	1	0
0	0.73	17	5	1	0
1	1.93	17	1	1	0
1	7.00	17	3	2	0
0	1.77	17	4	2	1
1	3.07	17	1	2	0
0	0.83	17	5	2	0
0	1.13	17	2	2	1
1	4.00	17	3	3	0
1	2.30	17	1	3	0
1	8.83	17	3	3	0
0	11.90	17	4	3	1
0	0.43	17	2	3	1
1	7.87	17	3	4	0
1	4.17	17	1	4	0
0	1.07	17	2	4	1
0	0.83	17	5	4	0
0	5.03	17	4	4	1
0	3.30	17	4	5	1
0	0.50	17	2	5	1
0	0.73	17	5	5	0
1	2.07	17	1	5	0
1	6.63	17	3	5	1
0	0.77	17	5	6	0
1	4.67	17	1	6	0
1	5.33	17	4	6	1
0	3.57	17	3	6	0
0	0.50	17	2	6	1
0	1.63	17	4	7	1
0	0.47	17	2	7	1
0	0.60	17	5	7	0
1	2.17	17	1	7	0
1	3.30	17	3	7	0
0	2.67	17	1	8	0
0	0.97	17	5	8	0
0	5.20	17	3	8	0
0	0.73	17	2	8	1
0	1.17	17	4	8	1
1	7.17	17	3	9	0
0	2.70	17	1	9	0
0	0.47	17	5	9	0
0	1.83	17	2	9	1
0	1.30	17	4	9	1
0	0.67	17	5	10	0
1	2.27	17	1	10	0
0	0.57	17	2	10	1
0	1.03	17	4	10	1
1	5.10	17	3	10	0
1	2.90	18	1	1	0
0	0.90	18	2	1	1
0	2.20	18	4	1	1
0	1.23	18	5	1	0
1	5.80	18	3	1	0
1	45.10	18	3	2	0
0	2.07	18	1	2	0
0	0.93	18	5	2	0
1	1.90	18	2	2	1
1	11.10	18	4	2	1
0	0.37	18	2	3	1
1	11.07	18	5	3	0
0	10.30	18	3	3	0
0	1.47	18	1	3	0
0	3.90	18	4	3	1
1	20.27	18	2	4	1
0	5.60	18	3	4	0
1	8.20	18	4	4	1
0	0.67	18	5	4	0
0	0.90	18	1	4	0
0	1.67	18	1	5	0
0	0.70	18	5	5	0
1	5.83	18	3	5	0
0	1.83	18	4	5	1
1	13.27	18	2	5	1
1	5.30	18	5	6	0
0	0.97	18	1	6	0
0	1.03	18	4	6	1
1	6.17	18	3	6	0
0	1.10	18	2	6	1
0	0.53	18	2	7	1
1	11.33	18	3	7	1
0	4.43	18	4	7	1
1	1.90	18	1	7	0
0	0.90	18	5	7	0
0	1.77	18	4	8	1
0	0.40	18	2	8	1
0	0.50	18	5	8	0
0	2.37	18	1	8	0
0	6.33	18	3	8	0
0	1.67	18	1	9	0
0	0.60	18	5	9	0
0	9.13	18	3	9	0
0	0.80	18	2	9	1
1	9.57	18	4	9	1
1	22.00	18	3	10	1
0	0.63	18	2	10	1
0	0.53	18	5	10	0
0	1.40	18	1	10	0
0	2.63	18	4	10	1
