Ошибки/Успех	ВремяР с	Контроль/Облучение	День	День от Обл	День К/Об	ПоложОтв	НомерПол	Рука
0	1.57	1	5	-84	0	5	1	0
0	0.47	1	5	-84	0	2	1	0
0	0.40	1	5	-84	0	1	1	0
0	7.90	1	5	-84	0	3	1	1
0	2.57	1	5	-84	0	2	2	1
0	0.67	1	5	-84	0	4	1	1
0	10.80	1	5	-84	0	4	2	1
0	3.90	1	5	-84	0	3	2	1
0	1.90	1	5	-84	0	5	2	0
0	7.73	1	5	-84	0	1	2	0
0	1.17	1	5	-84	0	1	3	0
0	3.53	1	5	-84	0	3	3	1
0	0.87	1	5	-84	0	4	3	1
0	0.80	1	5	-84	0	2	3	0
0	4.53	1	5	-84	0	5	3	0
0	2.23	1	5	-84	0	5	4	0
0	1.53	1	5	-84	0	4	4	1
1	2.80	1	5	-84	0	2	4	0
0	0.43	1	5	-84	0	1	4	0
0	3.60	1	5	-84	0	3	4	1
0	1.63	1	5	-84	0	4	5	1
0	11.47	1	5	-84	0	5	5	0
0	0.50	1	5	-84	0	1	5	0
0	4.03	1	5	-84	0	3	5	1
0	2.93	1	5	-84	0	2	5	0
0	0.53	1	5	-84	0	2	6	0
0	1.80	1	5	-84	0	4	6	1
0	7.73	1	5	-84	0	5	6	0
0	0.23	1	5	-84	0	1	6	0
0	25.07	1	5	-84	0	3	6	1
0	0.53	1	5	-84	0	1	7	0
1	5.77	1	5	-84	0	5	7	0
0	3.13	1	5	-84	0	3	7	1
1	1.33	1	5	-84	0	2	7	0
0	0.93	1	5	-84	0	4	7	1
0	0.60	1	5	-84	0	4	8	1
0	0.37	1	5	-84	0	2	8	0
0	0.63	1	5	-84	0	1	8	0
0	4.20	1	5	-84	0	3	8	1
0	1.43	1	5	-84	0	5	8	0
0	0.47	1	5	-84	0	1	9	0
0	20.50	1	5	-84	0	4	9	1
1	6.30	1	5	-84	0	5	9	0
1	2.83	1	5	-84	0	2	9	0
0	10.63	1	5	-84	0	3	9	1
0	4.43	1	5	-84	0	3	10	1
0	0.73	1	5	-84	0	4	10	1
0	1.37	1	5	-84	0	2	10	0
0	6.93	1	5	-84	0	5	10	0
0	0.77	1	5	-84	0	1	10	0
0	1.60	1	6	-79	0	5	1	0
0	0.37	1	6	-79	0	1	1	0
0	2.47	1	6	-79	0	3	1	1
0	2.77	1	6	-79	0	4	1	1
0	2.03	1	6	-79	0	2	1	0
0	1.13	1	6	-79	0	4	2	1
0	0.37	1	6	-79	0	2	2	0
0	1.70	1	6	-79	0	5	2	0
0	5.67	1	6	-79	0	1	2	0
0	2.53	1	6	-79	0	3	2	1
1	66.83	1	6	-79	0	3	3	1
0	0.53	1	6	-79	0	1	3	0
0	3.40	1	6	-79	0	2	3	0
0	2.30	1	6	-79	0	4	3	1
0	5.90	1	6	-79	0	5	3	0
0	1.93	1	6	-79	0	5	4	0
0	6.53	1	6	-79	0	2	4	0
0	0.30	1	6	-79	0	1	4	0
0	12.10	1	6	-79	0	3	4	1
0	0.47	1	6	-79	0	4	4	1
0	0.57	1	6	-79	0	1	5	0
0	4.17	1	6	-79	0	5	5	0
0	2.50	1	6	-79	0	4	5	1
0	3.67	1	6	-79	0	3	5	1
0	2.20	1	6	-79	0	2	5	0
0	3.03	1	6	-79	0	3	6	1
0	1.07	1	6	-79	0	4	6	1
0	2.03	1	6	-79	0	2	6	0
0	1.57	1	6	-79	0	5	6	0
0	10.27	1	6	-79	0	1	6	0
0	5.03	1	6	-79	0	1	7	0
0	1.83	1	6	-79	0	2	7	0
0	12.17	1	6	-79	0	3	7	1
0	1.07	1	6	-79	0	4	7	1
0	3.70	1	6	-79	0	5	7	0
0	0.47	1	6	-79	0	2	8	0
0	1.80	1	6	-79	0	5	8	0
0	3.03	1	6	-79	0	4	8	1
0	0.50	1	6	-79	0	1	8	0
0	4.87	1	6	-79	0	3	8	1
1	11.77	1	6	-79	0	1	9	0
0	6.77	1	6	-79	0	3	9	1
0	6.77	1	6	-79	0	5	9	0
0	0.37	1	6	-79	0	4	9	1
0	2.17	1	6	-79	0	2	9	0
0	1.30	1	6	-79	0	5	10	0
0	0.50	1	6	-79	0	2	10	0
0	4.17	1	6	-79	0	3	10	1
0	0.50	1	6	-79	0	1	10	0
0	1.90	1	6	-79	0	4	10	1
0	3.67	1	7	-78	0	3	1	1
0	1.03	1	7	-78	0	5	1	0
0	1.40	1	7	-78	0	1	1	0
0	0.50	1	7	-78	0	2	1	0
0	1.03	1	7	-78	0	4	1	1
0	0.53	1	7	-78	0	1	2	0
0	0.53	1	7	-78	0	2	2	0
0	6.60	1	7	-78	0	3	2	1
0	1.50	1	7	-78	0	5	2	0
0	4.67	1	7	-78	0	4	2	1
0	1.30	1	7	-78	0	4	3	1
0	4.17	1	7	-78	0	5	3	0
0	1.40	1	7	-78	0	1	3	0
0	0.37	1	7	-78	0	2	3	0
0	4.53	1	7	-78	0	3	3	1
0	0.80	1	7	-78	0	1	4	0
0	0.70	1	7	-78	0	2	4	1
0	6.67	1	7	-78	0	3	4	1
0	1.57	1	7	-78	0	4	4	1
0	3.37	1	7	-78	0	5	4	0
0	4.43	1	7	-78	0	3	5	1
0	0.90	1	7	-78	0	2	5	0
1	11.13	1	7	-78	0	1	5	0
0	1.53	1	7	-78	0	4	5	1
0	7.73	1	7	-78	0	5	5	0
0	1.23	1	7	-78	0	5	6	0
0	2.50	1	7	-78	0	2	6	0
0	1.37	1	7	-78	0	4	6	1
0	0.93	1	7	-78	0	1	6	0
0	7.97	1	7	-78	0	3	6	1
1	2.07	1	7	-78	0	2	7	0
1	15.13	1	7	-78	0	3	7	1
0	9.57	1	7	-78	0	4	7	1
0	1.27	1	7	-78	0	1	7	0
0	5.90	1	7	-78	0	5	7	0
0	0.63	1	7	-78	0	2	8	0
0	0.77	1	7	-78	0	1	8	0
0	4.93	1	7	-78	0	3	8	1
0	1.73	1	7	-78	0	4	8	1
0	5.57	1	7	-78	0	5	8	0
0	5.70	1	7	-78	0	5	9	0
0	1.20	1	7	-78	0	4	9	1
0	0.77	1	7	-78	0	1	9	0
1	11.23	1	7	-78	0	3	9	1
0	0.70	1	7	-78	0	2	9	0
0	0.60	1	7	-78	0	2	10	1
0	0.60	1	7	-78	0	1	10	0
0	1.73	1	7	-78	0	3	10	1
0	6.23	1	7	-78	0	5	10	0
0	4.43	1	7	-78	0	4	10	1
0	4.43	1	8	-57	0	1	1	0
0	0.53	1	8	-57	0	2	1	0
0	0.70	1	8	-57	0	4	1	1
0	3.67	1	8	-57	0	5	1	0
0	4.27	1	8	-57	0	3	1	1
0	3.80	1	8	-57	0	3	2	1
0	7.00	1	8	-57	0	1	2	0
0	1.07	1	8	-57	0	5	2	0
0	0.43	1	8	-57	0	2	2	0
0	3.97	1	8	-57	0	4	2	1
0	0.40	1	8	-57	0	2	3	1
0	2.47	1	8	-57	0	5	3	0
0	4.20	1	8	-57	0	3	3	1
1	9.03	1	8	-57	0	1	3	0
0	1.33	1	8	-57	0	4	3	1
0	0.43	1	8	-57	0	2	4	0
0	4.30	1	8	-57	0	3	4	1
0	1.23	1	8	-57	0	4	4	1
0	0.53	1	8	-57	0	5	4	0
0	11.40	1	8	-57	0	1	4	0
0	0.37	1	8	-57	0	1	5	0
0	0.33	1	8	-57	0	5	5	0
0	12.30	1	8	-57	0	3	5	1
0	2.53	1	8	-57	0	4	5	1
0	0.50	1	8	-57	0	2	5	0
0	4.47	1	8	-57	0	5	6	0
0	7.50	1	8	-57	0	1	6	0
0	1.23	1	8	-57	0	4	6	1
1	4.77	1	8	-57	0	3	6	1
0	3.63	1	8	-57	0	2	6	0
0	2.90	1	8	-57	0	3	7	1
0	0.37	1	8	-57	0	2	7	0
0	1.77	1	8	-57	0	4	7	1
0	3.27	1	8	-57	0	1	7	0
0	0.40	1	8	-57	0	5	7	0
0	1.57	1	8	-57	0	4	8	1
0	4.57	1	8	-57	0	2	8	1
0	0.37	1	8	-57	0	5	8	0
0	7.07	1	8	-57	0	1	8	0
0	3.87	1	8	-57	0	3	8	1
0	0.63	1	8	-57	0	2	9	0
0	1.37	1	8	-57	0	5	9	0
1	4.77	1	8	-57	0	3	9	1
0	1.07	1	8	-57	0	2	9	0
0	1.30	1	8	-57	0	4	9	1
0	2.77	1	8	-57	0	3	10	1
0	0.43	1	8	-57	0	2	10	0
0	2.73	1	8	-57	0	5	10	0
0	0.70	1	8	-57	0	1	10	0
0	1.27	1	8	-57	0	4	10	1
0	4.93	1	9	-23	0	1	1	0
0	2.77	1	9	-23	0	3	1	1
0	4.73	1	9	-23	0	5	1	0
0	1.10	1	9	-23	0	4	1	1
0	1.07	1	9	-23	0	2	1	1
0	2.33	1	9	-23	0	5	2	0
0	2.90	1	9	-23	0	3	2	1
0	12.67	1	9	-23	0	1	2	0
0	3.17	1	9	-23	0	4	2	1
0	1.13	1	9	-23	0	2	2	0
0	1.03	1	9	-23	0	2	3	0
0	2.10	1	9	-23	0	4	3	1
0	13.03	1	9	-23	0	5	3	0
0	2.37	1	9	-23	0	3	3	1
0	3.43	1	9	-23	0	1	3	0
0	3.70	1	9	-23	0	1	4	0
0	3.40	1	9	-23	0	3	4	1
0	1.13	1	9	-23	0	4	4	1
0	2.90	1	9	-23	0	2	4	1
0	2.83	1	9	-23	0	5	4	0
0	2.80	1	9	-23	0	5	5	0
0	2.93	1	9	-23	0	3	5	1
0	0.30	1	9	-23	0	2	5	0
0	4.00	1	9	-23	0	1	5	0
0	0.63	1	9	-23	0	4	5	1
0	5.77	1	9	-23	0	5	6	0
0	6.50	1	9	-23	0	3	6	1
0	3.60	1	9	-23	0	1	6	0
0	1.93	1	9	-23	0	4	6	1
0	0.70	1	9	-23	0	2	6	0
0	0.50	1	9	-23	0	1	8	0
0	1.30	1	9	-23	0	2	7	0
0	24.30	1	9	-23	0	5	7	0
0	2.57	1	9	-23	0	3	7	1
0	10.23	1	9	-23	0	2	7	0
0	8.80	1	9	-23	0	5	8	0
0	5.43	1	9	-23	0	3	8	1
0	4.67	1	9	-23	0	1	8	0
0	1.17	1	9	-23	0	4	8	1
0	1.67	1	9	-23	0	1	8	0
0	2.20	1	9	-23	0	3	9	1
0	0.53	1	9	-23	0	4	9	1
0	0.57	1	9	-23	0	4	9	1
0	1.00	1	9	-23	0	2	9	0
0	1.77	1	9	-23	0	5	9	0
0	3.67	1	9	-23	0	4	10	1
0	2.70	1	9	-23	0	2	10	1
0	2.53	1	9	-23	0	3	10	1
0	0.77	1	9	-23	0	1	10	0
1	15.40	1	9	-23	0	5	10	1
0	9.13	1	10	-21	0	5	1	0
0	0.60	1	10	-21	0	2	1	1
0	5.57	1	10	-21	0	1	1	0
0	6.87	1	10	-21	0	3	1	1
0	4.37	1	10	-21	0	4	1	1
0	0.73	1	10	-21	0	2	2	0
0	2.03	1	10	-21	0	4	2	1
0	4.63	1	10	-21	0	3	2	1
0	5.50	1	10	-21	0	5	2	0
0	11.97	1	10	-21	0	1	2	0
0	8.07	1	10	-21	0	1	3	0
0	4.70	1	10	-21	0	3	3	1
0	1.20	1	10	-21	0	4	3	1
0	0.70	1	10	-21	0	2	3	1
0	8.10	1	10	-21	0	5	3	0
0	1.37	1	10	-21	0	4	4	1
0	10.53	1	10	-21	0	5	4	0
0	2.53	1	10	-21	0	2	4	0
0	5.50	1	10	-21	0	1	4	0
0	3.03	1	10	-21	0	3	4	1
0	2.07	1	10	-21	0	4	5	1
0	1.43	1	10	-21	0	5	5	0
0	3.33	1	10	-21	0	1	5	0
0	2.90	1	10	-21	0	3	5	1
0	0.57	1	10	-21	0	2	5	1
0	0.20	1	10	-21	0	2	6	0
0	1.53	1	10	-21	0	4	6	1
0	7.40	1	10	-21	0	5	6	0
0	10.27	1	10	-21	0	1	6	0
0	37.90	1	10	-21	0	3	6	1
0	0.63	1	10	-21	0	1	7	0
0	0.53	1	10	-21	0	5	7	0
0	8.53	1	10	-21	0	3	7	1
0	0.20	1	10	-21	0	2	7	1
0	2.63	1	10	-21	0	4	7	1
0	0.60	1	10	-21	0	4	8	1
0	2.40	1	10	-21	0	2	8	0
0	3.83	1	10	-21	0	1	8	0
0	6.60	1	10	-21	0	3	8	1
0	0.80	1	10	-21	0	5	8	0
0	0.47	1	10	-21	0	1	9	0
0	0.70	1	10	-21	0	4	9	1
0	5.80	1	10	-21	0	5	9	0
0	0.47	1	10	-21	0	2	9	0
0	7.70	1	10	-21	0	3	9	1
0	7.30	1	10	-21	0	3	10	1
0	1.33	1	10	-21	0	4	10	1
0	0.57	1	10	-21	0	2	10	0
0	2.83	1	10	-21	0	5	10	0
0	0.67	1	10	-21	0	1	10	0
0	1.47	1	11	-18	0	1	1	0
0	2.93	1	11	-18	0	2	1	0
0	0.80	1	11	-18	0	4	1	1
0	2.97	1	11	-18	0	5	1	0
0	2.27	1	11	-18	0	3	1	1
0	4.33	1	11	-18	0	3	2	1
0	1.40	1	11	-18	0	1	2	0
0	0.60	1	11	-18	0	5	2	0
0	0.43	1	11	-18	0	2	2	0
0	1.50	1	11	-18	0	4	2	1
0	0.67	1	11	-18	0	2	3	0
0	0.40	1	11	-18	0	5	3	0
0	2.47	1	11	-18	0	3	3	1
0	4.40	1	11	-18	0	1	3	0
0	1.60	1	11	-18	0	4	3	1
0	1.13	1	11	-18	0	2	4	0
0	6.30	1	11	-18	0	3	4	1
0	2.63	1	11	-18	0	4	4	1
0	1.90	1	11	-18	0	5	4	0
0	1.47	1	11	-18	0	1	4	0
0	3.20	1	11	-18	0	1	5	0
0	3.23	1	11	-18	0	5	5	0
0	10.53	1	11	-18	0	3	5	1
0	1.33	1	11	-18	0	4	5	1
1	2.60	1	11	-18	0	2	5	0
0	1.83	1	11	-18	0	5	6	0
0	3.27	1	11	-18	0	1	6	0
0	2.20	1	11	-18	0	4	6	1
0	3.67	1	11	-18	0	3	6	1
1	6.67	1	11	-18	0	2	6	0
0	0.83	1	11	-18	0	2	7	0
0	3.80	1	11	-18	0	3	7	1
0	1.57	1	11	-18	0	4	7	1
0	0.67	1	11	-18	0	1	7	0
0	2.50	1	11	-18	0	5	7	0
0	2.60	1	11	-18	0	4	8	1
0	3.53	1	11	-18	0	2	8	0
0	0.37	1	11	-18	0	5	8	0
0	0.70	1	11	-18	0	1	8	0
1	18.33	1	11	-18	0	3	8	1
0	3.13	1	11	-18	0	1	9	0
0	4.23	1	11	-18	0	5	9	0
0	4.87	1	11	-18	0	3	9	1
0	0.73	1	11	-18	0	2	9	1
0	8.70	1	11	-18	0	4	9	1
0	13.27	1	11	-18	0	3	10	1
0	1.47	1	11	-18	0	2	10	0
0	6.30	1	11	-18	0	5	10	0
0	3.93	1	11	-18	0	1	10	0
0	1.40	1	11	-18	0	4	10	1
0	2.70	1	12	-15	0	5	1	0
0	1.77	1	12	-15	0	2	1	1
0	7.73	1	12	-15	0	3	1	1
0	6.40	1	12	-15	0	4	1	1
1	24.47	1	12	-15	0	1	1	0
0	10.37	1	12	-15	0	1	2	0
0	5.03	1	12	-15	0	2	2	0
0	2.73	1	12	-15	0	5	2	0
0	5.60	1	12	-15	0	3	2	1
0	1.57	1	12	-15	0	4	2	1
0	4.33	1	12	-15	0	4	3	1
0	9.97	1	12	-15	0	3	3	1
0	15.70	1	12	-15	0	1	3	0
0	5.53	1	12	-15	0	5	3	0
0	0.77	1	12	-15	0	2	3	0
0	2.67	1	12	-15	0	4	4	1
0	6.00	1	12	-15	0	3	4	1
0	3.90	1	12	-15	0	2	4	0
1	10.90	1	12	-15	0	1	4	0
0	3.83	1	12	-15	0	5	4	0
0	0.73	1	12	-15	0	2	5	0
0	0.57	1	12	-15	0	1	5	0
0	2.00	1	12	-15	0	4	5	1
0	5.17	1	12	-15	0	3	5	1
0	2.10	1	12	-15	0	5	5	0
0	8.40	1	12	-15	0	1	6	0
0	7.00	1	12	-15	0	3	6	1
0	2.77	1	12	-15	0	4	6	1
0	2.33	1	12	-15	0	2	6	0
0	1.50	1	12	-15	0	5	6	0
0	1.00	1	12	-15	0	5	7	0
0	0.60	1	12	-15	0	2	7	0
0	1.70	1	12	-15	0	4	7	1
0	5.07	1	12	-15	0	1	7	0
0	2.83	1	12	-15	0	3	7	1
0	18.17	1	12	-15	0	3	8	1
0	1.63	1	12	-15	0	4	8	1
0	3.20	1	12	-15	0	5	8	0
0	0.57	1	12	-15	0	2	8	1
0	0.37	1	12	-15	0	1	8	0
0	3.03	1	12	-15	0	5	9	0
0	6.67	1	12	-15	0	1	9	0
0	3.43	1	12	-15	0	4	9	1
0	11.90	1	12	-15	0	3	9	1
0	0.87	1	12	-15	0	2	9	1
0	1.07	1	12	-15	0	2	10	1
0	0.37	1	12	-15	0	1	10	0
0	1.17	1	12	-15	0	4	10	1
0	0.67	1	12	-15	0	5	10	0
0	3.33	1	12	-15	0	3	10	1
0	2.97	1	13	-11	0	1	1	0
0	0.37	1	13	-11	0	2	1	1
0	0.80	1	13	-11	0	4	1	1
0	0.63	1	13	-11	0	5	1	0
0	3.77	1	13	-11	0	3	1	1
0	3.17	1	13	-11	0	3	2	1
0	0.73	1	13	-11	0	1	2	0
0	3.17	1	13	-11	0	5	2	0
0	12.43	1	13	-11	0	2	2	1
0	1.77	1	13	-11	0	4	2	1
0	3.70	1	13	-11	0	2	3	0
0	3.23	1	13	-11	0	5	3	0
0	7.53	1	13	-11	0	3	3	1
1	24.07	1	13	-11	0	1	3	0
0	3.13	1	13	-11	0	4	3	1
0	2.43	1	13	-11	0	2	4	0
0	55.03	1	13	-11	0	3	4	1
0	1.23	1	13	-11	0	4	4	1
0	0.63	1	13	-11	0	5	4	0
0	7.83	1	13	-11	0	1	4	0
0	7.67	1	13	-11	0	1	5	0
0	1.90	1	13	-11	0	5	5	0
0	12.67	1	13	-11	0	3	5	1
0	0.47	1	13	-11	0	4	5	1
0	0.47	1	13	-11	0	2	5	0
0	1.13	1	13	-11	0	5	6	0
1	42.17	1	13	-11	0	1	6	0
0	1.47	1	13	-11	0	4	6	1
0	6.00	1	13	-11	0	3	6	1
0	0.57	1	13	-11	0	2	6	0
0	2.47	1	13	-11	0	2	7	0
0	5.00	1	13	-11	0	3	7	1
0	2.97	1	13	-11	0	4	7	1
0	13.60	1	13	-11	0	1	7	0
0	0.40	1	13	-11	0	5	7	0
0	1.90	1	13	-11	0	4	8	1
0	37.83	1	13	-11	0	2	8	0
0	10.73	1	13	-11	0	5	8	0
0	2.20	1	13	-11	0	1	8	0
0	17.77	1	13	-11	0	3	8	1
0	0.67	1	13	-11	0	1	9	0
0	1.07	1	13	-11	0	5	9	0
0	4.03	1	13	-11	0	3	9	1
0	2.50	1	13	-11	0	2	9	0
0	0.93	1	13	-11	0	4	9	1
0	14.50	1	13	-11	0	3	10	1
0	0.53	1	13	-11	0	2	10	1
0	6.57	1	13	-11	0	5	10	0
0	9.73	1	13	-11	0	1	10	0
0	2.13	1	13	-11	0	4	10	1
0	0.77	1	14	-7	0	1	1	0
0	0.60	1	14	-7	0	2	1	0
0	1.57	1	14	-7	0	4	1	1
0	2.67	1	14	-7	0	5	1	0
0	4.60	1	14	-7	0	3	1	1
0	1.03	1	14	-7	0	3	2	1
0	0.73	1	14	-7	0	1	2	0
0	0.47	1	14	-7	0	5	2	0
0	0.93	1	14	-7	0	2	2	0
0	2.93	1	14	-7	0	4	2	1
0	0.40	1	14	-7	0	2	3	0
0	5.50	1	14	-7	0	5	3	0
0	3.03	1	14	-7	0	3	3	1
0	0.83	1	14	-7	0	1	3	0
0	7.00	1	14	-7	0	4	3	0
0	3.63	1	14	-7	0	2	4	0
0	3.83	1	14	-7	0	3	4	1
0	1.47	1	14	-7	0	4	4	1
0	0.63	1	14	-7	0	5	4	0
0	3.43	1	14	-7	0	1	4	0
0	2.93	1	14	-7	0	1	5	0
0	0.47	1	14	-7	0	5	5	0
0	3.30	1	14	-7	0	3	5	1
0	2.20	1	14	-7	0	4	5	1
0	0.50	1	14	-7	0	2	5	0
0	0.63	1	14	-7	0	5	6	0
0	0.33	1	14	-7	0	1	6	0
0	1.60	1	14	-7	0	4	6	1
1	4.33	1	14	-7	0	3	6	1
0	2.27	1	14	-7	0	2	6	0
0	2.57	1	14	-7	0	3	7	1
0	1.90	1	14	-7	0	4	7	1
0	4.23	1	14	-7	0	1	7	0
0	1.33	1	14	-7	0	4	8	1
0	1.00	1	14	-7	0	5	7	0
0	1.57	1	14	-7	0	4	9	1
0	2.60	1	14	-7	0	2	7	0
0	7.27	1	14	-7	0	5	8	0
0	0.50	1	14	-7	0	1	8	0
0	1.43	1	14	-7	0	3	8	1
0	0.43	1	14	-7	0	1	9	0
0	3.03	1	14	-7	0	5	9	0
0	3.53	1	14	-7	0	3	9	1
0	0.57	1	14	-7	0	2	8	0
1	8.17	1	14	-7	0	4	10	1
0	2.37	1	14	-7	0	3	10	1
0	2.60	1	14	-7	0	2	9	0
0	4.60	1	14	-7	0	5	10	0
1	11.70	1	14	-7	0	1	10	0
0	1.47	1	14	-7	0	4	11	1
0	0.70	1	15	-2	0	1	1	0
0	2.60	1	15	-2	0	3	1	1
0	4.40	1	15	-2	0	5	1	0
0	2.20	1	15	-2	0	4	1	1
0	3.77	1	15	-2	0	2	1	1
0	1.60	1	15	-2	0	5	2	0
0	1.87	1	15	-2	0	3	2	1
0	5.90	1	15	-2	0	1	2	0
0	2.73	1	15	-2	0	4	2	1
0	3.97	1	15	-2	0	2	2	1
0	3.77	1	15	-2	0	2	3	1
0	1.07	1	15	-2	0	4	3	1
0	3.40	1	15	-2	0	5	3	0
0	1.57	1	15	-2	0	3	3	1
0	4.50	1	15	-2	0	1	3	0
0	3.23	1	15	-2	0	1	4	0
0	9.53	1	15	-2	0	3	4	1
0	0.50	1	15	-2	0	4	4	1
0	0.53	1	15	-2	0	2	4	0
0	5.33	1	15	-2	0	5	4	0
0	7.80	1	15	-2	0	5	5	0
0	2.60	1	15	-2	0	3	5	1
0	2.37	1	15	-2	0	2	5	0
0	3.37	1	15	-2	0	1	5	0
0	3.20	1	15	-2	0	4	5	1
0	7.23	1	15	-2	0	5	6	0
0	1.83	1	15	-2	0	3	6	1
0	1.40	1	15	-2	0	1	6	0
0	1.10	1	15	-2	0	4	6	1
0	3.23	1	15	-2	0	2	6	0
0	1.10	1	15	-2	0	4	7	1
0	4.30	1	15	-2	0	1	7	0
0	5.23	1	15	-2	0	2	7	0
0	11.07	1	15	-2	0	5	7	0
0	4.30	1	15	-2	0	3	7	1
0	0.43	1	15	-2	0	2	8	1
0	7.47	1	15	-2	0	5	8	0
0	6.17	1	15	-2	0	3	8	1
0	6.97	1	15	-2	0	1	8	0
0	1.30	1	15	-2	0	4	8	1
0	0.80	1	15	-2	0	1	9	0
0	1.17	1	15	-2	0	3	9	1
0	1.97	1	15	-2	0	4	9	1
0	0.43	1	15	-2	0	2	9	0
0	6.33	1	15	-2	0	5	9	0
0	1.27	1	15	-2	0	4	10	1
0	2.87	1	15	-2	0	2	10	1
0	4.90	1	15	-2	0	3	10	1
0	5.50	1	15	-2	0	1	10	0
0	1.30	1	15	-2	0	5	10	0
0	1.47	2	1	2	1	4	1	1
0	2.10	2	1	2	1	5	1	0
0	0.53	2	1	2	1	2	1	0
0	0.93	2	1	2	1	1	1	0
0	5.43	2	1	2	1	3	1	1
0	5.07	2	1	2	1	3	2	1
0	2.60	2	1	2	1	4	2	1
0	0.97	2	1	2	1	2	2	1
0	6.07	2	1	2	1	1	2	0
0	6.03	2	1	2	1	5	2	0
0	0.50	2	1	2	1	5	3	0
0	1.23	2	1	2	1	1	3	0
0	12.53	2	1	2	1	4	3	1
0	0.53	2	1	2	1	2	3	0
0	5.00	2	1	2	1	3	3	1
0	1.73	2	1	2	1	3	4	1
0	3.30	2	1	2	1	1	4	0
0	2.30	2	1	2	1	2	4	0
0	2.77	2	1	2	1	5	4	0
0	0.53	2	1	2	1	4	4	1
0	1.50	2	1	2	1	4	5	1
0	0.43	2	1	2	1	5	5	0
0	0.60	2	1	2	1	2	5	0
0	1.37	2	1	2	1	3	5	1
0	0.47	2	1	2	1	1	5	0
0	2.10	2	1	2	1	5	6	0
0	0.87	2	1	2	1	2	6	0
0	0.67	2	1	2	1	1	6	0
0	1.83	2	1	2	1	4	6	1
0	4.30	2	1	2	1	3	6	1
0	1.30	2	1	2	1	2	7	1
0	2.07	2	1	2	1	3	7	1
0	0.63	2	1	2	1	1	7	0
0	1.40	2	1	2	1	4	7	1
0	1.23	2	1	2	1	5	7	0
0	0.53	2	1	2	1	1	8	0
0	2.47	2	1	2	1	2	8	0
0	1.37	2	1	2	1	4	8	1
0	3.43	2	1	2	1	3	8	1
0	0.43	2	1	2	1	5	8	0
0	0.90	2	1	2	1	2	9	0
0	4.43	2	1	2	1	1	9	0
0	1.23	2	1	2	1	4	9	1
0	2.17	2	1	2	1	3	9	1
0	4.40	2	1	2	1	5	9	0
0	4.53	2	1	2	1	3	10	1
0	3.50	2	1	2	1	4	10	1
0	3.90	2	1	2	1	1	10	0
0	6.40	2	1	2	1	2	10	1
0	4.00	2	1	2	1	5	10	0
0	1.57	2	2	7	2	5	1	0
0	0.60	2	2	7	2	2	1	0
0	2.80	2	2	7	2	3	1	1
0	2.23	2	2	7	2	4	1	1
0	0.47	2	2	7	2	1	1	0
0	0.40	2	2	7	2	1	2	0
0	2.30	2	2	7	2	2	2	1
0	6.73	2	2	7	2	5	2	0
0	4.67	2	2	7	2	3	2	1
0	1.30	2	2	7	2	4	2	1
0	1.13	2	2	7	2	4	3	1
0	3.53	2	2	7	2	3	3	1
0	0.77	2	2	7	2	1	3	0
0	9.03	2	2	7	2	5	3	0
0	0.43	2	2	7	2	2	3	0
0	1.13	2	2	7	2	4	4	1
0	3.33	2	2	7	2	3	4	1
0	3.13	2	2	7	2	2	4	1
0	2.70	2	2	7	2	1	4	0
0	7.83	2	2	7	2	5	4	0
0	0.50	2	2	7	2	2	5	1
0	0.50	2	2	7	2	1	5	0
0	1.63	2	2	7	2	4	5	1
0	3.80	2	2	7	2	3	5	1
0	1.30	2	2	7	2	5	5	0
0	0.57	2	2	7	2	1	6	0
0	3.30	2	2	7	2	3	6	1
0	1.33	2	2	7	2	4	6	1
0	0.80	2	2	7	2	2	6	0
0	1.53	2	2	7	2	5	6	0
0	1.77	2	2	7	2	5	7	0
0	1.40	2	2	7	2	2	7	0
0	4.23	2	2	7	2	4	7	1
0	2.70	2	2	7	2	1	7	0
0	2.60	2	2	7	2	3	7	1
0	2.67	2	2	7	2	3	8	1
0	4.77	2	2	7	2	4	8	1
0	3.73	2	2	7	2	5	8	0
0	1.13	2	2	7	2	2	8	0
0	1.47	2	2	7	2	1	8	0
0	2.00	2	2	7	2	5	9	0
0	1.40	2	2	7	2	1	9	0
0	0.70	2	2	7	2	4	9	1
0	3.40	2	2	7	2	3	9	1
0	2.37	2	2	7	2	2	9	0
0	0.87	2	2	7	2	2	10	0
0	10.13	2	2	7	2	1	10	0
0	2.27	2	2	7	2	4	10	1
0	1.50	2	2	7	2	5	10	0
0	1.77	2	2	7	2	3	10	1
0	0.47	2	3	11	3	1	1	0
0	5.27	2	3	11	3	3	1	1
0	0.80	2	3	11	3	4	1	1
0	2.40	2	3	11	3	2	1	0
0	0.80	2	3	11	3	5	1	0
0	1.60	2	3	11	3	5	2	0
0	1.13	2	3	11	3	4	2	1
1	4.73	2	3	11	3	3	2	1
0	2.93	2	3	11	3	1	2	0
0	0.43	2	3	11	3	2	2	0
0	4.83	2	3	11	3	3	3	1
0	1.30	2	3	11	3	4	3	1
0	2.07	2	3	11	3	5	3	0
1	5.97	2	3	11	3	2	3	0
0	0.53	2	3	11	3	1	3	0
0	5.07	2	3	11	3	1	4	0
0	0.40	2	3	11	3	2	4	1
0	2.03	2	3	11	3	5	4	0
0	1.33	2	3	11	3	4	4	1
0	3.93	2	3	11	3	3	4	1
0	6.97	2	3	11	3	3	5	1
0	0.60	2	3	11	3	5	5	0
0	5.63	2	3	11	3	1	5	0
0	0.40	2	3	11	3	2	5	0
0	0.70	2	3	11	3	4	5	1
0	0.47	2	3	11	3	2	6	0
0	3.43	2	3	11	3	1	6	0
0	1.37	2	3	11	3	4	6	1
0	2.47	2	3	11	3	5	6	0
0	2.57	2	3	11	3	3	6	1
0	0.80	2	3	11	3	1	7	0
0	0.40	2	3	11	3	2	7	0
0	2.47	2	3	11	3	3	7	0
1	6.40	2	3	11	3	4	7	1
0	0.70	2	3	11	3	5	7	0
1	3.07	2	3	11	3	3	8	1
0	0.83	2	3	11	3	4	8	1
0	6.90	2	3	11	3	1	8	0
0	1.93	2	3	11	3	5	8	0
0	0.47	2	3	11	3	2	8	0
1	4.77	2	3	11	3	2	9	1
0	9.97	2	3	11	3	3	9	1
0	1.17	2	3	11	3	5	9	0
0	31.03	2	3	11	3	4	9	1
0	1.70	2	3	11	3	1	9	0
0	0.33	2	3	11	3	2	10	1
0	4.53	2	3	11	3	1	10	0
0	2.13	2	3	11	3	5	10	0
0	4.27	2	3	11	3	3	10	1
0	1.20	2	3	11	3	4	10	1
0	2.33	2	4	14	4	5	1	0
0	4.47	2	4	14	4	1	1	0
0	6.10	2	4	14	4	2	1	1
0	1.73	2	4	14	4	4	1	1
0	5.77	2	4	14	4	3	1	1
0	0.63	2	4	14	4	2	2	0
0	7.53	2	4	14	4	5	2	0
0	0.40	2	4	14	4	1	2	0
0	3.40	2	4	14	4	3	2	1
0	1.47	2	4	14	4	4	2	1
0	6.60	2	4	14	4	2	3	1
0	1.30	2	4	14	4	4	3	1
0	5.10	2	4	14	4	3	3	1
0	3.10	2	4	14	4	1	3	0
0	4.27	2	4	14	4	5	3	0
0	0.37	2	4	14	4	1	4	0
0	0.90	2	4	14	4	2	4	1
0	5.57	2	4	14	4	4	4	1
0	0.90	2	4	14	4	5	4	0
0	3.63	2	4	14	4	3	4	1
0	1.60	2	4	14	4	5	5	0
0	2.57	2	4	14	4	3	5	1
0	1.47	2	4	14	4	4	5	1
0	0.73	2	4	14	4	1	5	0
0	0.93	2	4	14	4	2	5	0
0	2.00	2	4	14	4	3	6	1
0	1.33	2	4	14	4	1	6	0
0	2.47	2	4	14	4	4	6	1
0	2.40	2	4	14	4	2	6	1
0	2.77	2	4	14	4	5	6	0
0	4.10	2	4	14	4	3	7	1
0	2.97	2	4	14	4	5	7	0
0	1.50	2	4	14	4	4	7	1
0	2.30	2	4	14	4	2	7	0
1	8.63	2	4	14	4	1	7	0
0	3.67	2	4	14	4	5	8	0
0	0.47	2	4	14	4	1	8	0
0	5.60	2	4	14	4	3	8	1
0	2.33	2	4	14	4	4	8	1
0	0.83	2	4	14	4	2	8	0
0	1.70	2	4	14	4	4	9	1
0	3.73	2	4	14	4	3	9	1
0	12.10	2	4	14	4	1	9	0
0	2.30	2	4	14	4	5	9	1
0	2.30	2	4	14	4	2	9	0
0	3.53	2	4	14	4	3	10	1
0	0.67	2	4	14	4	4	10	1
0	0.57	2	4	14	4	2	10	0
0	0.40	2	4	14	4	1	10	0
1	4.80	2	4	14	4	5	10	1
0	1.87	2	5	19	5	5	1	0
0	0.53	2	5	19	5	2	1	1
0	3.50	2	5	19	5	1	1	0
0	3.20	2	5	19	5	3	1	1
0	2.93	2	5	19	5	4	1	1
0	0.50	2	5	19	5	4	2	1
0	4.17	2	5	19	5	3	2	1
0	0.43	2	5	19	5	2	2	1
0	0.37	2	5	19	5	5	2	0
0	0.47	2	5	19	5	1	2	0
0	1.17	2	5	19	5	2	3	0
0	2.23	2	5	19	5	3	3	1
0	1.50	2	5	19	5	4	3	1
0	1.57	2	5	19	5	5	3	0
0	0.37	2	5	19	5	1	3	0
0	4.93	2	5	19	5	1	4	0
0	5.23	2	5	19	5	3	4	1
0	0.57	2	5	19	5	2	4	0
0	3.50	2	5	19	5	5	4	0
0	0.77	2	5	19	5	4	4	1
0	0.40	2	5	19	5	2	5	1
0	2.13	2	5	19	5	4	5	1
0	6.43	2	5	19	5	1	5	0
0	1.13	2	5	19	5	5	5	0
0	6.60	2	5	19	5	3	5	1
0	2.33	2	5	19	5	3	6	1
0	0.73	2	5	19	5	4	6	1
0	3.53	2	5	19	5	2	6	1
0	2.40	2	5	19	5	1	6	0
0	4.60	2	5	19	5	5	6	0
0	2.37	2	5	19	5	5	7	0
0	19.77	2	5	19	5	3	7	1
0	1.23	2	5	19	5	1	7	0
0	0.57	2	5	19	5	2	7	1
0	1.10	2	5	19	5	4	7	1
0	6.00	2	5	19	5	3	8	1
0	2.20	2	5	19	5	5	8	0
0	0.47	2	5	19	5	4	8	1
1	11.00	2	5	19	5	1	8	0
0	0.53	2	5	19	5	2	8	0
0	0.57	2	5	19	5	2	9	0
0	2.33	2	5	19	5	1	9	0
0	0.57	2	5	19	5	4	9	1
0	2.50	2	5	19	5	3	9	1
0	2.27	2	5	19	5	5	9	0
0	3.00	2	5	19	5	3	10	1
0	6.03	2	5	19	5	1	10	0
0	1.87	2	5	19	5	4	10	1
0	0.83	2	5	19	5	2	10	0
0	0.97	2	5	19	5	5	10	0
0	3.07	2	6	21	6	5	1	0
0	2.47	2	6	21	6	2	1	0
0	2.80	2	6	21	6	3	1	1
0	2.33	2	6	21	6	4	1	1
0	3.93	2	6	21	6	1	1	0
0	0.67	2	6	21	6	1	2	0
0	0.43	2	6	21	6	2	2	0
0	1.00	2	6	21	6	5	2	0
0	4.17	2	6	21	6	3	2	1
0	2.03	2	6	21	6	4	2	1
0	2.40	2	6	21	6	4	3	1
0	3.60	2	6	21	6	3	3	1
0	0.47	2	6	21	6	1	3	0
0	3.50	2	6	21	6	5	3	0
0	3.17	2	6	21	6	2	3	1
0	2.03	2	6	21	6	4	4	1
0	9.57	2	6	21	6	3	4	1
0	0.67	2	6	21	6	2	4	1
0	0.33	2	6	21	6	1	4	0
0	1.60	2	6	21	6	5	4	0
0	0.40	2	6	21	6	2	5	1
0	3.27	2	6	21	6	1	5	0
0	1.03	2	6	21	6	4	5	1
0	2.90	2	6	21	6	3	5	1
0	1.70	2	6	21	6	5	5	0
0	0.43	2	6	21	6	1	6	0
0	21.50	2	6	21	6	3	6	1
0	1.17	2	6	21	6	4	6	1
0	0.57	2	6	21	6	2	6	0
0	4.00	2	6	21	6	5	6	0
0	5.63	2	6	21	6	5	7	0
0	0.97	2	6	21	6	2	7	1
0	4.33	2	6	21	6	4	7	1
0	0.37	2	6	21	6	1	7	0
0	3.53	2	6	21	6	3	7	1
0	3.20	2	6	21	6	3	8	1
0	1.60	2	6	21	6	4	8	1
0	6.33	2	6	21	6	5	8	0
0	0.43	2	6	21	6	2	8	0
0	6.03	2	6	21	6	1	8	0
0	3.10	2	6	21	6	5	9	0
0	0.47	2	6	21	6	1	9	0
0	0.50	2	6	21	6	4	9	1
0	2.50	2	6	21	6	3	9	1
1	3.70	2	6	21	6	2	9	0
0	2.53	2	6	21	6	2	10	1
0	3.30	2	6	21	6	1	10	0
0	0.70	2	6	21	6	4	10	1
0	10.80	2	6	21	6	5	10	0
0	3.07	2	6	21	6	3	10	1
0	1.97	2	7	26	7	5	1	0
0	4.27	2	7	26	7	2	1	0
0	1.90	2	7	26	7	1	1	0
0	4.47	2	7	26	7	3	1	1
0	1.33	2	7	26	7	4	1	1
0	1.03	2	7	26	7	2	2	1
0	1.37	2	7	26	7	4	2	1
0	10.17	2	7	26	7	3	2	1
0	9.80	2	7	26	7	5	2	0
0	4.93	2	7	26	7	1	2	0
0	3.97	2	7	26	7	1	3	0
0	8.50	2	7	26	7	3	3	1
0	1.37	2	7	26	7	4	3	1
0	0.60	2	7	26	7	2	3	1
0	3.47	2	7	26	7	5	3	0
0	0.40	2	7	26	7	5	4	0
0	3.97	2	7	26	7	4	4	1
0	2.73	2	7	26	7	2	4	1
0	1.83	2	7	26	7	1	4	0
1	9.00	2	7	26	7	3	4	1
0	3.27	2	7	26	7	4	5	1
0	0.57	2	7	26	7	5	5	0
0	21.30	2	7	26	7	1	5	0
0	4.13	2	7	26	7	3	5	1
0	2.53	2	7	26	7	2	5	0
0	2.97	2	7	26	7	4	6	1
0	15.93	2	7	26	7	5	6	0
0	1.83	2	7	26	7	2	6	0
0	6.10	2	7	26	7	1	6	0
0	8.90	2	7	26	7	3	6	1
0	4.87	2	7	26	7	1	7	0
0	0.60	2	7	26	7	5	7	0
0	3.37	2	7	26	7	3	7	1
0	1.83	2	7	26	7	2	7	0
0	1.43	2	7	26	7	4	7	1
0	0.40	2	7	26	7	4	8	1
0	0.50	2	7	26	7	2	8	1
0	0.57	2	7	26	7	1	8	0
0	2.40	2	7	26	7	3	8	1
0	2.20	2	7	26	7	5	8	0
0	1.33	2	7	26	7	1	9	0
0	3.57	2	7	26	7	4	9	1
0	2.93	2	7	26	7	5	9	0
0	1.97	2	7	26	7	2	9	0
0	1.17	2	7	26	7	3	9	1
0	1.40	2	7	26	7	3	10	1
0	0.37	2	7	26	7	4	10	1
0	3.47	2	7	26	7	2	10	0
0	3.23	2	7	26	7	5	10	0
0	4.90	2	7	26	7	1	10	0
0	7.23	2	8	35	8	2	1	0
0	7.77	2	8	35	8	4	1	1
0	2.70	2	8	35	8	5	1	0
0	0.57	2	8	35	8	1	1	0
0	3.13	2	8	35	8	3	1	1
0	7.67	2	8	35	8	3	2	1
0	3.47	2	8	35	8	5	2	0
0	4.07	2	8	35	8	4	2	1
0	5.60	2	8	35	8	1	2	0
0	3.60	2	8	35	8	2	2	1
0	2.50	2	8	35	8	5	3	0
0	0.90	2	8	35	8	2	3	1
0	12.13	2	8	35	8	5	4	0
0	6.20	2	8	35	8	3	3	1
0	1.93	2	8	35	8	4	3	1
0	18.13	2	8	35	8	5	5	0
0	3.67	2	8	35	8	4	4	1
0	24.97	2	8	35	8	1	3	0
0	6.60	2	8	35	8	3	4	1
0	2.87	2	8	35	8	2	4	0
1	28.87	2	8	35	8	4	5	1
0	3.23	2	8	35	8	2	5	0
0	4.50	2	8	35	8	3	5	1
0	2.30	2	8	35	8	5	6	0
0	10.27	2	8	35	8	1	4	0
0	3.30	2	8	35	8	2	6	0
0	17.40	2	8	35	8	3	6	1
0	4.63	2	8	35	8	1	5	0
1	1.43	2	8	35	8	4	6	1
0	2.83	2	8	35	8	5	7	0
0	45.10	2	8	35	8	3	7	1
0	3.13	2	8	35	8	1	6	0
0	0.50	2	8	35	8	2	7	1
0	0.40	2	8	35	8	5	8	0
0	1.33	2	8	35	8	4	7	1
0	0.43	2	8	35	8	1	7	0
0	0.40	2	8	35	8	2	8	0
0	2.53	2	8	35	8	4	8	1
1	4.53	2	8	35	8	3	8	1
0	7.53	2	8	35	8	5	9	0
0	3.47	2	8	35	8	5	10	0
0	0.57	2	8	35	8	1	8	0
0	4.33	2	8	35	8	3	9	1
0	0.73	2	8	35	8	4	9	1
0	15.23	2	8	35	8	2	9	1
0	5.30	2	8	35	8	3	10	1
0	0.77	2	8	35	8	4	10	1
0	5.37	2	8	35	8	1	9	0
0	4.57	2	8	35	8	5	11	0
0	0.87	2	8	35	8	2	10	0
0	6.83	2	8	35	8	3	11	1
0	2.07	2	9	44	9	5	1	0
0	2.57	2	9	44	9	2	1	0
0	4.80	2	9	44	9	3	1	1
0	2.17	2	9	44	9	4	1	1
0	3.33	2	9	44	9	1	1	0
0	0.47	2	9	44	9	1	2	0
0	0.87	2	9	44	9	2	2	1
0	1.43	2	9	44	9	5	2	0
1	5.97	2	9	44	9	3	2	1
0	1.00	2	9	44	9	4	2	1
0	0.60	2	9	44	9	4	3	1
0	5.40	2	9	44	9	3	3	1
0	4.73	2	9	44	9	1	3	0
0	0.63	2	9	44	9	5	3	0
0	0.60	2	9	44	9	2	3	0
0	1.50	2	9	44	9	4	4	1
0	4.10	2	9	44	9	3	4	1
0	4.50	2	9	44	9	2	4	0
0	3.47	2	9	44	9	1	4	0
0	2.97	2	9	44	9	5	4	0
0	2.43	2	9	44	9	2	5	1
0	2.97	2	9	44	9	1	5	0
0	1.43	2	9	44	9	4	5	1
0	4.47	2	9	44	9	3	5	1
0	11.00	2	9	44	9	5	5	0
0	0.43	2	9	44	9	1	6	0
1	7.67	2	9	44	9	3	6	1
0	1.03	2	9	44	9	4	6	1
0	0.37	2	9	44	9	2	6	0
0	2.47	2	9	44	9	5	6	0
0	0.90	2	9	44	9	5	7	0
0	2.67	2	9	44	9	2	7	1
0	1.10	2	9	44	9	4	7	1
0	13.07	2	9	44	9	1	7	0
0	2.07	2	9	44	9	3	7	1
0	8.30	2	9	44	9	3	8	1
0	0.73	2	9	44	9	4	8	1
0	3.10	2	9	44	9	5	8	0
0	5.37	2	9	44	9	2	8	1
0	0.43	2	9	44	9	1	8	0
0	0.27	2	9	44	9	5	9	0
0	6.70	2	9	44	9	1	9	0
0	0.77	2	9	44	9	4	9	1
0	4.10	2	9	44	9	3	9	1
0	2.43	2	9	44	9	2	9	1
0	3.03	2	9	44	9	2	10	1
0	4.47	2	9	44	9	1	10	0
0	7.00	2	9	44	9	4	10	1
0	1.33	2	9	44	9	5	10	0
0	4.40	2	9	44	9	3	10	1
0	0.87	2	10	47	10	5	1	0
0	2.63	2	10	47	10	2	1	1
0	5.73	2	10	47	10	1	1	0
0	3.00	2	10	47	10	3	1	1
0	1.20	2	10	47	10	4	1	1
0	5.27	2	10	47	10	2	2	1
0	5.00	2	10	47	10	4	2	1
0	4.73	2	10	47	10	3	2	1
0	4.80	2	10	47	10	5	2	0
1	4.77	2	10	47	10	1	2	0
0	5.47	2	10	47	10	1	3	0
0	4.37	2	10	47	10	3	3	1
0	2.23	2	10	47	10	4	3	1
0	0.37	2	10	47	10	2	3	1
0	22.60	2	10	47	10	5	3	0
0	1.63	2	10	47	10	5	4	0
0	1.17	2	10	47	10	4	4	1
0	0.70	2	10	47	10	2	4	1
0	0.57	2	10	47	10	1	4	0
0	5.17	2	10	47	10	3	4	1
0	1.33	2	10	47	10	4	5	1
0	1.43	2	10	47	10	5	5	0
0	1.20	2	10	47	10	1	5	0
0	6.10	2	10	47	10	3	5	1
0	0.40	2	10	47	10	2	5	1
0	2.93	2	10	47	10	2	6	1
0	0.83	2	10	47	10	4	6	1
0	2.20	2	10	47	10	5	6	0
0	0.83	2	10	47	10	1	6	0
0	3.10	2	10	47	10	3	6	1
0	6.27	2	10	47	10	1	7	0
0	2.23	2	10	47	10	5	7	0
0	4.17	2	10	47	10	3	7	1
0	4.00	2	10	47	10	2	7	1
0	2.97	2	10	47	10	4	7	1
0	1.00	2	10	47	10	4	8	1
0	4.07	2	10	47	10	2	8	1
1	16.63	2	10	47	10	1	8	0
0	2.77	2	10	47	10	3	8	1
0	3.17	2	10	47	10	5	8	0
0	5.20	2	10	47	10	1	9	0
0	1.30	2	10	47	10	4	9	1
0	2.33	2	10	47	10	5	9	0
0	5.17	2	10	47	10	2	9	1
0	5.30	2	10	47	10	3	9	1
0	2.73	2	10	47	10	3	10	1
0	0.83	2	10	47	10	4	10	1
0	2.13	2	10	47	10	2	10	1
0	0.57	2	10	47	10	5	10	0
0	2.27	2	10	47	10	1	10	0
0	3.53	2	11	48	11	1	1	0
0	0.57	2	11	48	11	2	1	1
0	1.00	2	11	48	11	4	1	1
0	1.13	2	11	48	11	5	1	0
0	5.10	2	11	48	11	3	1	1
0	5.73	2	11	48	11	3	2	1
0	1.80	2	11	48	11	1	2	0
0	0.83	2	11	48	11	5	2	0
0	1.17	2	11	48	11	2	2	0
0	1.80	2	11	48	11	4	2	1
0	0.47	2	11	48	11	2	3	1
0	1.83	2	11	48	11	5	3	0
0	3.27	2	11	48	11	3	3	1
1	5.93	2	11	48	11	1	3	0
0	11.80	2	11	48	11	4	3	1
0	0.40	2	11	48	11	2	4	1
0	3.17	2	11	48	11	3	4	1
0	1.27	2	11	48	11	4	4	0
0	2.43	2	11	48	11	5	4	0
1	5.50	2	11	48	11	1	4	0
0	4.80	2	11	48	11	1	5	0
0	5.10	2	11	48	11	5	5	0
1	20.03	2	11	48	11	3	5	1
0	1.10	2	11	48	11	4	5	1
1	8.57	2	11	48	11	2	5	1
0	0.87	2	11	48	11	5	6	0
0	0.50	2	11	48	11	1	6	0
0	4.63	2	11	48	11	4	6	1
0	7.73	2	11	48	11	3	6	1
0	2.80	2	11	48	11	2	6	0
0	1.57	2	11	48	11	2	7	0
0	2.97	2	11	48	11	3	7	1
0	11.70	2	11	48	11	4	7	1
0	0.70	2	11	48	11	1	7	0
0	2.83	2	11	48	11	5	7	0
0	0.83	2	11	48	11	4	8	1
0	2.73	2	11	48	11	2	8	1
0	2.47	2	11	48	11	5	8	0
0	4.77	2	11	48	11	1	8	0
0	5.47	2	11	48	11	3	8	1
0	6.23	2	11	48	11	1	9	0
0	2.10	2	11	48	11	5	9	0
1	5.73	2	11	48	11	3	9	1
0	2.17	2	11	48	11	2	9	1
0	0.50	2	11	48	11	4	9	1
0	7.90	2	11	48	11	3	10	1
0	0.47	2	11	48	11	2	10	1
0	2.20	2	11	48	11	5	10	0
1	7.20	2	11	48	11	1	10	0
0	1.33	2	11	48	11	4	10	1
0	1.33	2	12	61	12	5	1	0
1	5.53	2	12	61	12	2	1	0
0	0.57	2	12	61	12	1	1	0
0	4.13	2	12	61	12	3	1	1
0	0.30	2	12	61	12	4	1	1
0	0.53	2	12	61	12	4	2	1
0	2.23	2	12	61	12	3	2	1
0	0.37	2	12	61	12	2	2	1
0	0.47	2	12	61	12	1	2	0
0	0.67	2	12	61	12	2	3	1
0	1.70	2	12	61	12	3	3	1
0	1.37	2	12	61	12	4	3	1
0	10.93	2	12	61	12	5	2	0
0	3.53	2	12	61	12	1	3	0
0	0.47	2	12	61	12	1	4	0
0	1.53	2	12	61	12	3	4	1
0	3.13	2	12	61	12	3	5	1
0	10.77	2	12	61	12	2	4	1
0	3.23	2	12	61	12	5	3	0
0	6.33	2	12	61	12	4	4	1
0	3.47	2	12	61	12	2	5	1
0	5.80	2	12	61	12	4	5	1
0	0.33	2	12	61	12	1	5	0
0	4.80	2	12	61	12	5	4	0
0	5.97	2	12	61	12	3	6	1
0	2.53	2	12	61	12	3	7	1
0	1.30	2	12	61	12	4	6	1
0	3.77	2	12	61	12	2	6	0
0	4.83	2	12	61	12	1	6	0
0	3.57	2	12	61	12	5	5	0
0	2.63	2	12	61	12	5	6	0
0	3.10	2	12	61	12	3	8	1
0	0.63	2	12	61	12	1	7	0
0	0.80	2	12	61	12	2	7	1
0	1.20	2	12	61	12	4	7	1
0	1.83	2	12	61	12	3	9	1
1	13.83	2	12	61	12	5	7	0
0	0.93	2	12	61	12	4	8	1
0	1.00	2	12	61	12	1	8	1
0	4.13	2	12	61	12	2	8	0
0	0.80	2	12	61	12	2	9	0
0	1.07	2	12	61	12	1	9	0
0	1.27	2	12	61	12	4	9	1
0	9.40	2	12	61	12	3	10	1
0	2.77	2	12	61	12	5	8	0
0	3.60	2	12	61	12	3	11	1
0	6.10	2	12	61	12	1	10	0
0	1.47	2	12	61	12	4	10	1
0	2.27	2	12	61	12	2	10	0
0	2.70	2	12	61	12	5	9	0
0	5.43	2	13	63	13	2	1	0
1	3.83	2	13	63	13	3	1	1
0	1.27	2	13	63	13	4	1	1
0	1.17	2	13	63	13	5	1	0
0	0.50	2	13	63	13	1	1	0
0	0.37	2	13	63	13	1	2	0
0	0.47	2	13	63	13	4	2	1
0	2.30	2	13	63	13	2	2	0
1	5.10	2	13	63	13	5	2	0
0	1.73	2	13	63	13	3	2	1
0	2.87	2	13	63	13	4	3	1
0	2.93	2	13	63	13	3	3	1
0	2.00	2	13	63	13	5	3	0
0	3.63	2	13	63	13	1	3	0
0	0.67	2	13	63	13	2	3	0
0	3.43	2	13	63	13	2	4	0
0	1.70	2	13	63	13	5	4	0
0	2.90	2	13	63	13	3	4	1
0	0.40	2	13	63	13	1	4	0
0	7.27	2	13	63	13	4	4	1
0	2.17	2	13	63	13	2	5	0
0	1.13	2	13	63	13	4	5	1
0	0.40	2	13	63	13	1	5	0
0	4.33	2	13	63	13	3	5	1
0	3.87	2	13	63	13	5	5	0
0	1.77	2	13	63	13	5	6	0
0	0.47	2	13	63	13	1	6	0
0	1.23	2	13	63	13	4	6	1
0	0.37	2	13	63	13	2	6	1
0	4.10	2	13	63	13	3	6	1
0	0.47	2	13	63	13	2	7	0
0	3.37	2	13	63	13	3	7	1
0	0.43	2	13	63	13	1	7	0
0	2.60	2	13	63	13	5	7	0
0	6.93	2	13	63	13	4	7	1
0	0.97	2	13	63	13	4	8	1
0	0.47	2	13	63	13	1	8	0
0	0.47	2	13	63	13	5	8	0
0	2.43	2	13	63	13	2	8	0
0	2.53	2	13	63	13	3	8	1
0	2.70	2	13	63	13	1	9	0
0	0.80	2	13	63	13	4	9	1
0	6.80	2	13	63	13	2	9	0
0	3.17	2	13	63	13	5	9	0
0	1.43	2	13	63	13	3	9	1
0	3.80	2	13	63	13	3	10	1
0	2.83	2	13	63	13	5	10	0
0	0.77	2	13	63	13	2	10	0
0	1.13	2	13	63	13	4	10	1
0	4.73	2	13	63	13	1	10	0
0	1.03	2	14	72	14	1	1	0
1	4.77	2	14	72	14	3	1	1
0	34.27	2	14	72	14	5	1	0
0	1.30	2	14	72	14	4	1	1
0	0.43	2	14	72	14	2	1	1
0	1.47	2	14	72	14	5	2	0
0	4.33	2	14	72	14	3	2	1
0	5.63	2	14	72	14	1	2	0
0	3.40	2	14	72	14	4	2	1
0	1.40	2	14	72	14	2	2	1
0	0.53	2	14	72	14	2	3	1
0	3.83	2	14	72	14	4	3	1
0	8.70	2	14	72	14	5	3	0
0	3.97	2	14	72	14	3	3	1
0	4.57	2	14	72	14	1	3	0
0	0.53	2	14	72	14	1	4	0
0	4.43	2	14	72	14	3	4	1
0	3.30	2	14	72	14	4	4	1
0	1.20	2	14	72	14	2	4	0
0	1.60	2	14	72	14	5	4	0
0	2.37	2	14	72	14	5	5	0
0	3.90	2	14	72	14	3	5	1
0	0.67	2	14	72	14	2	5	1
0	3.40	2	14	72	14	1	5	0
0	2.50	2	14	72	14	4	5	1
0	3.40	2	14	72	14	5	6	0
0	5.93	2	14	72	14	3	6	1
0	3.73	2	14	72	14	1	6	0
0	2.87	2	14	72	14	4	6	0
0	0.33	2	14	72	14	2	6	1
0	0.90	2	14	72	14	4	7	1
0	0.43	2	14	72	14	1	7	0
0	0.73	2	14	72	14	2	7	1
0	0.43	2	14	72	14	5	7	0
0	4.53	2	14	72	14	3	7	1
0	2.00	2	14	72	14	2	8	1
0	2.03	2	14	72	14	5	8	0
0	5.17	2	14	72	14	3	8	1
0	2.70	2	14	72	14	1	8	0
0	10.17	2	14	72	14	4	8	1
0	2.93	2	14	72	14	1	9	0
0	3.90	2	14	72	14	3	9	1
0	2.80	2	14	72	14	4	9	1
0	2.13	2	14	72	14	2	9	0
0	0.73	2	14	72	14	5	9	0
0	0.93	2	14	72	14	4	10	1
0	0.53	2	14	72	14	2	10	0
0	1.67	2	14	72	14	3	10	1
0	0.57	2	14	72	14	1	10	0
0	1.27	2	14	72	14	5	10	0
0	0.30	2	14	72	14	4	11	1
0	1.13	2	15	76	15	1	1	0
0	0.73	2	15	76	15	2	1	0
0	1.00	2	15	76	15	4	1	1
0	0.63	2	15	76	15	5	1	0
0	2.83	2	15	76	15	3	1	1
0	3.67	2	15	76	15	3	2	1
0	6.97	2	15	76	15	1	2	0
0	3.37	2	15	76	15	5	2	0
0	1.80	2	15	76	15	2	2	1
0	1.30	2	15	76	15	4	2	1
0	0.87	2	15	76	15	2	3	1
0	1.60	2	15	76	15	5	3	0
0	5.40	2	15	76	15	3	3	1
1	4.30	2	15	76	15	1	3	0
0	1.03	2	15	76	15	4	3	1
0	0.77	2	15	76	15	2	4	1
0	4.77	2	15	76	15	3	4	1
0	0.60	2	15	76	15	4	4	1
0	2.43	2	15	76	15	5	4	0
0	3.33	2	15	76	15	1	4	0
0	0.53	2	15	76	15	1	5	0
0	0.40	2	15	76	15	5	5	0
0	4.13	2	15	76	15	3	5	1
0	2.63	2	15	76	15	4	5	0
0	0.63	2	15	76	15	2	5	1
0	3.13	2	15	76	15	5	6	0
0	0.60	2	15	76	15	1	6	0
1	13.87	2	15	76	15	4	6	1
0	3.63	2	15	76	15	3	6	1
0	0.37	2	15	76	15	2	6	0
1	4.53	2	15	76	15	3	7	1
0	0.87	2	15	76	15	4	7	1
0	3.10	2	15	76	15	3	8	1
0	2.20	2	15	76	15	1	7	0
0	6.13	2	15	76	15	5	7	0
0	3.87	2	15	76	15	4	8	1
0	5.57	2	15	76	15	2	7	1
0	8.97	2	15	76	15	5	8	0
0	0.77	2	15	76	15	1	8	0
0	4.23	2	15	76	15	3	9	1
0	4.43	2	15	76	15	1	9	0
0	2.47	2	15	76	15	5	9	0
0	2.70	2	15	76	15	3	10	1
0	2.43	2	15	76	15	2	8	0
0	3.00	2	15	76	15	4	9	1
0	6.17	2	15	76	15	3	11	1
0	1.57	2	15	76	15	2	9	1
1	14.93	2	15	76	15	5	10	0
0	1.77	2	15	76	15	3	12	1
0	0.53	2	15	76	15	4	10	1
0	0.90	2	16	82	16	2	1	1
0	3.07	2	16	82	16	4	1	1
0	4.03	2	16	82	16	3	1	1
0	6.97	2	16	82	16	5	1	0
0	4.83	2	16	82	16	1	1	0
1	6.73	2	16	82	16	5	2	0
0	5.77	2	16	82	16	1	2	0
0	3.13	2	16	82	16	4	2	1
0	5.50	2	16	82	16	3	2	1
0	0.60	2	16	82	16	2	2	1
0	1.90	2	16	82	16	4	3	1
0	4.47	2	16	82	16	1	3	0
0	3.20	2	16	82	16	3	3	1
0	1.70	2	16	82	16	5	3	0
0	0.47	2	16	82	16	2	3	1
0	1.10	2	16	82	16	4	4	1
0	0.50	2	16	82	16	2	4	1
0	1.63	2	16	82	16	5	4	0
0	6.00	2	16	82	16	1	4	0
0	4.90	2	16	82	16	3	4	1
0	5.27	2	16	82	16	3	5	1
0	2.57	2	16	82	16	5	5	0
0	3.37	2	16	82	16	4	5	1
0	0.57	2	16	82	16	2	5	1
0	1.00	2	16	82	16	1	5	0
0	0.63	2	16	82	16	4	6	1
0	6.23	2	16	82	16	1	6	0
0	4.47	2	16	82	16	5	6	0
0	0.60	2	16	82	16	2	6	0
0	5.80	2	16	82	16	3	6	1
0	0.53	2	16	82	16	4	7	1
0	0.87	2	16	82	16	2	7	0
0	3.97	2	16	82	16	3	7	1
0	5.27	2	16	82	16	5	7	0
0	5.23	2	16	82	16	1	7	0
0	4.77	2	16	82	16	3	8	1
0	4.63	2	16	82	16	1	8	0
0	9.07	2	16	82	16	5	8	0
0	5.50	2	16	82	16	2	8	0
0	1.50	2	16	82	16	5	8	0
0	0.43	2	16	82	16	4	9	1
0	0.50	2	16	82	16	1	9	0
1	1.03	2	16	82	16	4	9	1
0	3.67	2	16	82	16	3	9	1
0	0.30	2	16	82	16	2	9	1
0	0.40	2	16	82	16	2	10	1
0	4.40	2	16	82	16	3	10	1
0	0.37	2	16	82	16	4	10	1
0	0.40	2	16	82	16	1	10	0
0	2.13	2	16	82	16	5	10	0
0	2.40	2	17	84	17	1	1	0
0	0.47	2	17	84	17	2	1	1
1	9.60	2	17	84	17	4	1	0
0	2.40	2	17	84	17	5	1	1
0	2.60	2	17	84	17	3	1	1
0	3.33	2	17	84	17	3	2	1
0	0.53	2	17	84	17	1	2	0
0	4.57	2	17	84	17	5	2	0
0	1.20	2	17	84	17	2	2	1
0	1.77	2	17	84	17	4	2	1
0	0.37	2	17	84	17	2	3	1
0	7.00	2	17	84	17	5	3	0
0	3.57	2	17	84	17	3	3	1
0	2.80	2	17	84	17	1	3	0
0	4.53	2	17	84	17	1	4	0
0	1.60	2	17	84	17	2	4	1
0	3.90	2	17	84	17	3	4	1
0	1.07	2	17	84	17	4	3	1
0	0.37	2	17	84	17	5	4	0
0	0.53	2	17	84	17	1	5	0
0	1.33	2	17	84	17	5	5	0
0	4.23	2	17	84	17	1	6	0
0	3.83	2	17	84	17	3	5	1
0	1.43	2	17	84	17	4	4	1
0	6.53	2	17	84	17	2	5	1
0	2.17	2	17	84	17	5	6	0
0	2.47	2	17	84	17	1	7	0
1	5.30	2	17	84	17	4	5	1
0	4.43	2	17	84	17	3	6	1
0	0.40	2	17	84	17	2	6	1
0	0.40	2	17	84	17	2	7	0
0	2.73	2	17	84	17	3	7	1
0	0.83	2	17	84	17	4	6	1
0	3.00	2	17	84	17	1	8	0
1	1.67	2	17	84	17	5	7	0
0	1.67	2	17	84	17	4	7	1
0	0.40	2	17	84	17	2	8	1
1	4.80	2	17	84	17	5	8	0
0	3.47	2	17	84	17	1	9	0
0	4.10	2	17	84	17	3	8	1
0	3.80	2	17	84	17	1	10	0
0	0.77	2	17	84	17	5	9	0
0	4.17	2	17	84	17	3	9	1
0	0.53	2	17	84	17	2	9	0
0	0.47	2	17	84	17	4	8	1
0	2.53	2	17	84	17	3	10	1
0	1.63	2	17	84	17	2	10	1
0	0.47	2	17	84	17	5	10	0
1	6.40	2	17	84	17	1	11	0
0	3.97	2	17	84	17	4	9	1
0	11.93	2	18	86	18	5	1	0
0	0.53	2	18	86	18	2	1	1
0	12.33	2	18	86	18	1	1	0
0	4.10	2	18	86	18	4	1	1
0	9.87	2	18	86	18	3	1	1
0	2.43	2	18	86	18	2	2	1
0	50.40	2	18	86	18	3	2	1
1	16.47	2	18	86	18	4	2	1
1	8.83	2	18	86	18	5	2	0
0	7.80	2	18	86	18	1	2	0
0	7.53	2	18	86	18	3	3	1
0	3.63	2	18	86	18	4	3	1
0	3.87	2	18	86	18	5	3	0
0	5.00	2	18	86	18	1	3	0
0	0.50	2	18	86	18	2	3	1
0	1.23	2	18	86	18	2	4	0
0	2.07	2	18	86	18	4	4	1
0	5.00	2	18	86	18	1	4	0
1	30.23	2	18	86	18	3	4	1
0	0.43	2	18	86	18	5	4	0
0	2.23	2	18	86	18	2	5	1
0	19.80	2	18	86	18	5	5	0
0	6.27	2	18	86	18	3	5	1
0	1.63	2	18	86	18	4	5	1
0	5.57	2	18	86	18	1	5	0
0	0.57	2	18	86	18	1	6	0
0	3.33	2	18	86	18	3	6	1
0	5.43	2	18	86	18	4	6	1
0	0.57	2	18	86	18	2	6	1
0	1.40	2	18	86	18	5	6	0
0	2.80	2	18	86	18	5	7	0
0	5.97	2	18	86	18	4	7	1
0	4.03	2	18	86	18	1	7	0
0	2.67	2	18	86	18	2	7	1
0	5.80	2	18	86	18	3	7	1
0	5.80	2	18	86	18	3	8	1
0	7.80	2	18	86	18	5	8	0
0	0.70	2	18	86	18	2	8	0
0	1.70	2	18	86	18	4	8	1
0	10.63	2	18	86	18	1	8	0
0	9.47	2	18	86	18	5	9	0
0	0.50	2	18	86	18	2	9	1
0	4.73	2	18	86	18	3	9	1
0	3.63	2	18	86	18	1	9	0
0	2.00	2	18	86	18	4	9	1
0	1.17	2	18	86	18	4	10	1
0	4.33	2	18	86	18	1	10	0
0	3.73	2	18	86	18	2	10	1
0	1.93	2	18	86	18	5	10	0
0	6.53	2	18	86	18	3	10	1
0	3.90	2	19	91	19	5	1	0
0	0.40	2	19	91	19	2	1	1
0	4.13	2	19	91	19	1	1	0
0	3.60	2	19	91	19	3	1	1
0	1.90	2	19	91	19	4	1	1
0	1.07	2	19	91	19	4	2	1
0	3.27	2	19	91	19	3	2	1
0	0.57	2	19	91	19	2	2	0
0	4.47	2	19	91	19	5	2	0
1	4.87	2	19	91	19	1	2	0
0	0.50	2	19	91	19	2	3	1
0	4.23	2	19	91	19	3	3	1
0	1.67	2	19	91	19	4	3	1
0	5.07	2	19	91	19	5	3	0
0	3.47	2	19	91	19	1	3	0
0	7.43	2	19	91	19	1	4	0
0	9.33	2	19	91	19	3	4	1
0	0.47	2	19	91	19	2	4	1
0	8.30	2	19	91	19	5	4	0
1	4.30	2	19	91	19	4	4	1
0	1.03	2	19	91	19	2	5	1
0	2.40	2	19	91	19	4	5	1
0	9.17	2	19	91	19	1	5	0
0	0.83	2	19	91	19	5	5	0
0	5.63	2	19	91	19	3	5	1
0	2.23	2	19	91	19	3	6	1
0	0.50	2	19	91	19	4	6	1
0	3.87	2	19	91	19	2	6	1
0	0.43	2	19	91	19	1	6	0
0	3.10	2	19	91	19	5	6	0
0	2.70	2	19	91	19	5	7	0
1	4.73	2	19	91	19	3	7	1
0	8.33	2	19	91	19	1	7	0
0	3.10	2	19	91	19	2	7	1
0	1.77	2	19	91	19	4	7	1
0	4.03	2	19	91	19	3	8	1
0	0.70	2	19	91	19	5	8	0
0	1.17	2	19	91	19	4	8	1
0	4.00	2	19	91	19	1	8	0
0	0.60	2	19	91	19	2	8	1
0	3.00	2	19	91	19	2	9	1
0	0.37	2	19	91	19	1	9	0
0	0.43	2	19	91	19	4	9	1
0	4.53	2	19	91	19	3	9	1
0	3.10	2	19	91	19	5	9	0
0	1.53	2	19	91	19	3	10	1
0	1.50	2	19	91	19	1	10	0
0	1.43	2	19	91	19	4	10	1
0	2.87	2	19	91	19	2	10	1
0	2.70	2	19	91	19	5	10	0
0	4.63	2	20	99	20	2	1	1
0	2.33	2	20	99	20	3	1	1
0	5.90	2	20	99	20	4	1	1
0	2.00	2	20	99	20	5	1	0
0	1.43	2	20	99	20	1	1	0
0	1.27	2	20	99	20	1	2	0
0	1.87	2	20	99	20	4	2	1
0	0.57	2	20	99	20	2	2	1
0	8.03	2	20	99	20	5	2	0
0	1.97	2	20	99	20	3	2	1
0	0.57	2	20	99	20	4	3	1
0	2.77	2	20	99	20	3	3	1
0	0.83	2	20	99	20	5	3	0
0	5.77	2	20	99	20	1	3	0
0	1.67	2	20	99	20	2	3	1
0	2.03	2	20	99	20	2	4	1
0	4.23	2	20	99	20	5	4	0
0	4.20	2	20	99	20	3	4	1
0	5.03	2	20	99	20	1	4	0
1	11.80	2	20	99	20	4	4	1
0	0.97	2	20	99	20	2	5	0
0	2.77	2	20	99	20	4	5	1
0	2.57	2	20	99	20	1	5	1
0	4.40	2	20	99	20	3	5	1
0	3.20	2	20	99	20	5	5	0
0	5.10	2	20	99	20	5	6	0
1	15.30	2	20	99	20	1	6	0
0	0.80	2	20	99	20	4	6	1
0	6.57	2	20	99	20	2	6	1
0	2.97	2	20	99	20	3	6	1
0	2.37	2	20	99	20	2	7	1
0	4.03	2	20	99	20	3	7	1
0	0.57	2	20	99	20	1	7	0
0	3.40	2	20	99	20	5	7	0
0	1.83	2	20	99	20	4	7	1
0	6.23	2	20	99	20	4	8	1
0	6.60	2	20	99	20	1	8	0
0	8.07	2	20	99	20	5	8	0
0	0.47	2	20	99	20	2	8	1
1	11.80	2	20	99	20	3	8	1
1	4.10	2	20	99	20	1	9	0
0	0.47	2	20	99	20	4	9	1
0	1.67	2	20	99	20	2	9	1
0	6.50	2	20	99	20	5	9	0
0	4.03	2	20	99	20	3	9	1
0	3.77	2	20	99	20	3	10	1
0	1.53	2	20	99	20	5	10	0
0	2.53	2	20	99	20	2	10	1
0	0.53	2	20	99	20	4	10	1
0	0.37	2	20	99	20	1	10	0
0	0.40	2	21	103	21	2	1	1
0	0.70	2	21	103	21	4	1	1
0	1.50	2	21	103	21	5	1	0
0	0.47	2	21	103	21	1	1	0
0	2.17	2	21	103	21	3	1	1
0	5.93	2	21	103	21	3	2	1
0	2.27	2	21	103	21	5	2	0
0	3.40	2	21	103	21	4	2	1
0	3.07	2	21	103	21	1	2	0
0	0.53	2	21	103	21	2	2	1
0	3.23	2	21	103	21	1	3	0
0	2.33	2	21	103	21	2	3	1
0	1.23	2	21	103	21	5	3	0
0	3.70	2	21	103	21	3	3	1
1	7.33	2	21	103	21	4	3	1
0	0.53	2	21	103	21	5	4	0
0	2.13	2	21	103	21	4	4	1
0	4.60	2	21	103	21	1	4	0
0	4.37	2	21	103	21	3	4	1
0	2.77	2	21	103	21	2	4	1
0	1.33	2	21	103	21	4	5	1
0	1.63	2	21	103	21	2	5	1
0	2.83	2	21	103	21	3	5	1
0	1.50	2	21	103	21	5	5	0
0	0.53	2	21	103	21	1	5	0
1	6.47	2	21	103	21	2	6	1
0	2.43	2	21	103	21	3	6	1
0	3.20	2	21	103	21	1	6	0
0	2.60	2	21	103	21	4	6	1
0	1.60	2	21	103	21	5	6	0
0	1.83	2	21	103	21	3	7	1
0	0.33	2	21	103	21	1	7	0
0	0.47	2	21	103	21	2	7	1
0	3.40	2	21	103	21	5	7	0
0	0.53	2	21	103	21	4	7	1
0	1.17	2	21	103	21	1	8	0
0	0.50	2	21	103	21	2	8	1
0	1.57	2	21	103	21	4	8	1
0	4.43	2	21	103	21	3	8	1
0	5.60	2	21	103	21	5	8	0
0	1.37	2	21	103	21	5	9	0
0	4.73	2	21	103	21	1	9	0
0	3.27	2	21	103	21	3	9	1
0	0.90	2	21	103	21	4	9	1
0	0.43	2	21	103	21	2	9	1
0	3.90	2	21	103	21	3	10	1
0	1.20	2	21	103	21	4	10	1
0	3.43	2	21	103	21	1	10	0
0	1.77	2	21	103	21	5	10	0
0	0.37	2	21	103	21	2	10	1
0	4.13	2	22	107	22	5	1	0
0	5.77	2	22	107	22	3	1	1
0	7.80	2	22	107	22	1	1	0
0	1.67	2	22	107	22	3	1	1
0	3.23	2	22	107	22	4	1	1
0	2.47	2	22	107	22	4	2	1
0	0.80	2	22	107	22	2	2	1
0	2.77	2	22	107	22	5	2	0
0	5.17	2	22	107	22	3	2	1
0	0.47	2	22	107	22	1	2	0
0	5.67	2	22	107	22	1	3	0
0	4.40	2	22	107	22	3	3	1
0	2.00	2	22	107	22	4	3	0
0	1.97	2	22	107	22	2	3	1
0	4.00	2	22	107	22	5	3	0
0	0.57	2	22	107	22	5	4	0
0	0.53	2	22	107	22	2	4	1
0	2.90	2	22	107	22	4	4	1
0	4.77	2	22	107	22	1	4	0
0	4.63	2	22	107	22	3	4	1
0	1.87	2	22	107	22	4	5	1
0	2.20	2	22	107	22	5	5	0
0	0.47	2	22	107	22	1	5	0
0	7.27	2	22	107	22	3	5	1
0	0.50	2	22	107	22	2	5	1
0	4.07	2	22	107	22	2	6	1
0	2.93	2	22	107	22	4	6	1
0	17.93	2	22	107	22	5	6	0
0	3.90	2	22	107	22	1	6	0
0	5.07	2	22	107	22	3	6	1
1	12.67	2	22	107	22	1	7	0
0	3.23	2	22	107	22	5	7	0
0	2.00	2	22	107	22	3	7	1
0	0.67	2	22	107	22	2	7	1
0	7.07	2	22	107	22	4	7	1
0	1.43	2	22	107	22	4	8	1
0	2.57	2	22	107	22	2	8	1
0	0.43	2	22	107	22	1	8	0
0	1.43	2	22	107	22	3	8	1
0	7.27	2	22	107	22	5	8	0
0	5.27	2	22	107	22	1	9	0
0	1.77	2	22	107	22	4	9	1
0	1.80	2	22	107	22	5	9	0
0	1.67	2	22	107	22	2	9	1
0	2.87	2	22	107	22	3	9	1
0	1.43	2	22	107	22	3	10	1
0	1.00	2	22	107	22	4	10	1
0	3.80	2	22	107	22	2	10	1
0	2.83	2	22	107	22	5	10	0
0	0.40	2	22	107	22	1	10	0
0	0.77	2	22	107	22	4	11	1
0	1.20	2	23	110	23	5	1	0
0	1.00	2	23	110	23	2	1	1
0	4.77	2	23	110	23	3	1	1
0	1.90	2	23	110	23	4	1	1
0	5.90	2	23	110	23	1	1	0
1	17.20	2	23	110	23	1	2	1
0	3.37	2	23	110	23	2	2	1
0	6.00	2	23	110	23	5	2	0
0	10.97	2	23	110	23	3	2	1
0	0.73	2	23	110	23	4	2	1
0	1.60	2	23	110	23	4	3	1
0	7.27	2	23	110	23	3	3	1
0	7.27	2	23	110	23	1	3	0
0	3.13	2	23	110	23	5	3	0
0	0.63	2	23	110	23	2	3	0
0	1.93	2	23	110	23	4	4	1
0	7.43	2	23	110	23	3	4	1
0	1.83	2	23	110	23	2	4	1
0	7.50	2	23	110	23	1	4	0
0	5.23	2	23	110	23	5	4	0
0	0.83	2	23	110	23	2	5	0
1	24.27	2	23	110	23	1	5	0
0	3.47	2	23	110	23	4	5	1
0	5.00	2	23	110	23	3	5	1
0	2.60	2	23	110	23	5	5	0
0	6.17	2	23	110	23	1	6	0
0	3.30	2	23	110	23	3	6	1
0	1.30	2	23	110	23	4	6	1
0	0.43	2	23	110	23	2	6	0
0	1.07	2	23	110	23	5	6	0
0	5.67	2	23	110	23	5	7	0
0	0.53	2	23	110	23	2	7	0
0	2.70	2	23	110	23	4	7	0
0	3.87	2	23	110	23	1	7	0
0	2.87	2	23	110	23	3	7	1
0	4.37	2	23	110	23	3	8	1
0	3.87	2	23	110	23	4	8	1
0	2.07	2	23	110	23	5	8	0
0	1.23	2	23	110	23	2	8	1
0	4.40	2	23	110	23	1	8	0
0	6.27	2	23	110	23	5	9	0
0	8.03	2	23	110	23	1	9	0
0	10.07	2	23	110	23	4	9	0
1	17.80	2	23	110	23	3	9	1
0	0.50	2	23	110	23	2	9	1
0	0.40	2	23	110	23	2	10	1
0	4.70	2	23	110	23	1	10	0
0	0.63	2	23	110	23	4	10	0
0	21.30	2	23	110	23	5	10	0
0	9.83	2	23	110	23	3	10	1
0	6.90	2	24	112	24	1	1	0
0	3.47	2	24	112	24	3	1	1
0	1.90	2	24	112	24	5	1	0
0	0.63	2	24	112	24	4	1	1
0	0.70	2	24	112	24	2	1	1
0	1.27	2	24	112	24	5	2	0
0	3.30	2	24	112	24	3	2	1
0	0.43	2	24	112	24	1	2	0
0	2.73	2	24	112	24	4	2	1
0	0.63	2	24	112	24	2	2	0
0	0.73	2	24	112	24	2	3	0
0	3.43	2	24	112	24	4	3	1
0	0.70	2	24	112	24	5	3	0
0	4.20	2	24	112	24	3	3	1
0	1.37	2	24	112	24	1	3	0
0	0.43	2	24	112	24	1	4	0
0	2.23	2	24	112	24	3	4	1
0	5.13	2	24	112	24	4	4	1
0	6.87	2	24	112	24	2	4	1
0	2.03	2	24	112	24	5	4	0
0	1.53	2	24	112	24	5	5	0
0	2.03	2	24	112	24	3	5	1
0	7.90	2	24	112	24	2	5	1
0	5.37	2	24	112	24	1	5	0
0	2.13	2	24	112	24	3	5	1
0	4.87	2	24	112	24	5	6	0
0	4.17	2	24	112	24	3	6	1
0	1.17	2	24	112	24	1	6	0
0	2.93	2	24	112	24	4	6	1
0	0.80	2	24	112	24	2	6	1
0	1.57	2	24	112	24	4	7	1
0	5.70	2	24	112	24	1	7	0
0	0.60	2	24	112	24	2	7	1
0	6.00	2	24	112	24	5	7	0
0	2.83	2	24	112	24	3	7	1
0	3.60	2	24	112	24	2	8	0
0	0.83	2	24	112	24	5	8	0
0	3.63	2	24	112	24	3	8	1
0	2.87	2	24	112	24	1	8	0
0	1.47	2	24	112	24	4	8	1
0	5.07	2	24	112	24	1	9	0
0	4.40	2	24	112	24	3	9	1
0	1.43	2	24	112	24	4	9	1
0	0.73	2	24	112	24	2	9	1
0	15.80	2	24	112	24	5	9	0
0	0.37	2	24	112	24	4	10	1
0	4.27	2	24	112	24	2	10	1
0	2.77	2	24	112	24	3	10	1
0	0.57	2	24	112	24	1	10	0
0	1.63	2	24	112	24	5	10	0
1	6.13	2	25	116	25	1	1	0
0	0.33	2	25	116	25	2	1	1
0	0.77	2	25	116	25	4	1	1
0	0.93	2	25	116	25	5	1	0
0	2.47	2	25	116	25	3	1	1
0	5.13	2	25	116	25	3	2	1
1	3.80	2	25	116	25	1	2	0
0	6.17	2	25	116	25	5	2	0
0	0.60	2	25	116	25	2	2	1
0	15.67	2	25	116	25	4	2	1
0	0.40	2	25	116	25	2	3	1
0	0.63	2	25	116	25	5	3	0
0	3.50	2	25	116	25	3	3	1
1	3.87	2	25	116	25	1	3	0
0	1.10	2	25	116	25	4	3	1
0	0.47	2	25	116	25	2	4	1
0	2.37	2	25	116	25	3	4	1
0	1.57	2	25	116	25	4	4	1
0	4.90	2	25	116	25	5	4	0
0	0.40	2	25	116	25	1	4	0
0	1.27	2	25	116	25	1	5	0
0	2.37	2	25	116	25	5	5	0
0	3.23	2	25	116	25	3	5	1
0	0.53	2	25	116	25	4	5	1
0	0.53	2	25	116	25	2	5	1
0	0.77	2	25	116	25	5	6	0
0	0.47	2	25	116	25	1	6	0
0	1.50	2	25	116	25	4	6	1
0	4.10	2	25	116	25	3	6	1
0	0.33	2	25	116	25	2	6	0
0	0.33	2	25	116	25	2	7	0
0	2.87	2	25	116	25	3	7	1
0	5.70	2	25	116	25	4	7	1
0	2.77	2	25	116	25	1	7	0
0	0.63	2	25	116	25	5	7	0
0	1.60	2	25	116	25	4	8	1
0	3.67	2	25	116	25	2	8	1
0	5.90	2	25	116	25	5	8	0
0	2.40	2	25	116	25	1	8	0
0	5.70	2	25	116	25	3	8	1
0	3.27	2	25	116	25	1	9	0
0	0.80	2	25	116	25	5	9	0
0	3.07	2	25	116	25	3	9	1
0	0.37	2	25	116	25	2	9	0
0	3.97	2	25	116	25	4	9	1
0	2.40	2	25	116	25	3	10	1
0	1.30	2	25	116	25	2	10	1
0	0.37	2	25	116	25	5	10	0
0	6.37	2	25	116	25	1	10	0
0	2.40	2	25	116	25	4	10	1
0	2.93	2	26	118	26	5	1	0
0	4.13	2	26	118	26	2	1	1
0	9.17	2	26	118	26	1	1	0
0	0.93	2	26	118	26	4	1	1
0	1.07	2	26	118	26	3	1	1
0	1.10	2	26	118	26	2	2	1
0	3.57	2	26	118	26	3	2	1
0	1.40	2	26	118	26	4	2	1
0	2.10	2	26	118	26	5	2	0
0	0.50	2	26	118	26	1	2	0
0	2.03	2	26	118	26	3	3	1
0	1.53	2	26	118	26	4	3	1
0	2.10	2	26	118	26	5	3	0
0	0.40	2	26	118	26	1	3	0
0	5.87	2	26	118	26	2	3	1
0	2.57	2	26	118	26	2	4	1
0	4.10	2	26	118	26	4	4	1
0	0.47	2	26	118	26	1	4	0
0	2.00	2	26	118	26	3	4	1
0	6.60	2	26	118	26	5	4	0
0	0.47	2	26	118	26	2	5	1
0	3.07	2	26	118	26	5	5	0
0	1.23	2	26	118	26	3	5	1
0	0.97	2	26	118	26	4	5	1
0	0.43	2	26	118	26	1	5	0
0	0.47	2	26	118	26	1	6	0
0	3.00	2	26	118	26	3	6	1
0	1.40	2	26	118	26	4	6	1
0	7.97	2	26	118	26	2	6	1
0	2.20	2	26	118	26	5	6	0
0	0.47	2	26	118	26	5	7	0
0	0.87	2	26	118	26	4	7	1
0	3.07	2	26	118	26	1	7	0
0	5.00	2	26	118	26	2	7	1
0	1.17	2	26	118	26	3	7	1
0	3.53	2	26	118	26	3	8	1
0	6.97	2	26	118	26	5	8	0
0	2.63	2	26	118	26	2	8	1
0	1.43	2	26	118	26	4	8	1
0	0.33	2	26	118	26	1	8	0
0	2.70	2	26	118	26	5	9	0
0	7.20	2	26	118	26	2	9	0
0	1.17	2	26	118	26	3	9	1
0	2.20	2	26	118	26	1	9	0
0	0.63	2	26	118	26	4	9	1
0	1.33	2	26	118	26	4	10	1
0	4.43	2	26	118	26	1	10	0
0	8.77	2	26	118	26	2	10	1
0	7.87	2	26	118	26	5	10	0
0	3.00	2	26	118	26	3	10	1
